7.027167721809248757e-01
1.266151308216465488e-01
3.373413870927595148e-01
9.089107080939549110e-01
-2.918425390266625730e-01
-6.855403274073257336e-02
5.407676803452525771e-01
0.000000000000000000e+00
6.091902623337355216e-01
2.384059449826427812e-01
2.602098333383584539e-02
-1.646288164032652102e-01
9.903521642843442496e-01
7.990831050617899223e-01
-2.705719649830795603e-03
7.324228688395062470e-02
0.000000000000000000e+00
8.637175602369540073e-01
2.966754566788372127e-01
7.953901668646949918e-01
6.796140310242893001e-01
-3.254481392101007398e-01
6.566069283654292210e-01
-7.783826268284672611e-01
1.537455096757462947e-01
6.478352705517140819e-01
-7.257371804269490134e-01
-3.082881450949812585e-01
-6.606721197705101023e-01
1.353270989256607493e-01
-7.046308201173356878e-01
-4.439324703534581751e-01
1.052496938267952764e-01
-4.685207008410050555e-01
7.106298598788416410e-01
5.866599651286421579e-01
-4.246925403384407272e-01
0.000000000000000000e+00
8.359164333871798025e-01
-9.196461431594451508e-01
2.288411217495756045e-01
9.349061793112569685e-01
-2.735803413065056588e-01
6.746696723775820193e-01
7.966648276358323510e-01
5.041479575817298109e-01
-2.976538542717968028e-01
1.538882511933234998e-01
-6.163866090045948543e-01
-8.621073654519857410e-01
-7.449708590357533300e-01
4.893569115713773954e-01
-9.081057554681635224e-01
0.000000000000000000e+00
2.800999538237745057e-01
7.647948976593428316e-01
6.157385515982016777e-02
-1.488668580852741119e-01
8.685333105326686898e-02
1.630148424635535775e-02
-6.212057922976210733e-01
-9.877611346403905035e-01
-6.106537660306801119e-01
0.000000000000000000e+00
2.905212395759291244e-01
0.000000000000000000e+00
-8.631083109492487804e-01
0.000000000000000000e+00
3.645908698827386996e-01
0.000000000000000000e+00
2.422591164359682026e-01
-4.458484231753923055e-02
-7.759006566693416040e-02
-5.743797301018258583e-01
-6.530923372893959744e-02
-6.739337054213700995e-02
7.730612031914043669e-01
-7.120974624651212892e-01
0.000000000000000000e+00
-3.252004401077677187e-01
6.898999559247354085e-01
-9.779363176384865408e-01
-1.850285651180250124e-01
-6.989655186909482509e-02
-3.876795289742307471e-01
-3.416135705124503374e-01
-3.067279269510674311e-01
-4.763536462799358162e-01
-9.701405153576037055e-01
6.934462696608800769e-01
0.000000000000000000e+00
-8.009545461407763245e-01
3.410275643326239337e-01
-8.544684454422368791e-01
-6.862175363443958620e-01
2.857967120602409317e-01
-3.577991471787080879e-01
9.703137930521834598e-01
7.605936997906983521e-01
-9.890841969159094305e-01
-3.947463438933886959e-01
7.077724064868582410e-01
-2.516630783241278202e-01
8.698753566820036642e-01
-2.752309162466735071e-01
5.850374796478099437e-01
-1.425657293948441318e-01
2.376343713918012135e-01
-2.817302005133497378e-01
8.060415100350686313e-01
8.687164032887135789e-01
6.102273760374479217e-01
-9.110535687225114199e-01
5.286843903484919061e-01
3.224887048240629994e-01
0.000000000000000000e+00
-6.822923103996172411e-01
7.812258035698227410e-02
6.750179215026423929e-01
-4.389166415243925812e-01
4.537706840513575646e-01
-2.325172956662826529e-01
1.037327293046073073e-01
9.030227706795330711e-01
7.231570646440395045e-01
-7.602154555420201909e-01
0.000000000000000000e+00
1.068978669135203230e-01
3.017281040136385872e-01
-4.718092697851625772e-01
7.006707009248078766e-01
-1.810725249076106103e-01
-2.552638977002423815e-01
-9.495875459850011691e-01
4.767857969516953176e-03
-6.860626544483219291e-01
8.651157268157183555e-01
2.653780350060015447e-01
-9.855118192671561417e-01
-4.503883293578347935e-01
0.000000000000000000e+00
-8.126099156719550631e-01
-6.330353092182268160e-01
-5.191218893682665314e-01
2.167547595312520059e-01
8.908025871678049157e-01
-8.072673787852724381e-01
-4.377664218128685114e-01
-4.937988679728901875e-01
2.921878153466119787e-01
-9.940247805305324480e-01
-5.758028362610212447e-02
-7.051516652825395859e-02
4.154606296794476350e-01
-5.181696529818120567e-01
8.974731955715100629e-01
-9.340371433050331795e-01
8.737986129188710649e-01
3.008476724362290078e-01
-3.619167198312194245e-01
8.954950851198106854e-01
-8.295358315855994036e-02
5.168660589490632340e-01
4.556164234598056861e-01
5.951458405756424597e-01
2.519324067416039981e-02
-1.913193046116121732e-01
1.406124063274591940e-01
-5.333839562074353946e-01
-9.117698616555929281e-01
7.629397635900201369e-01
3.461041866862908378e-01
-2.117966088501401778e-01
9.249098215314517368e-01
8.625872937219494219e-01
7.556975026099379544e-01
-1.593500155908764704e-01
1.425431776296706143e-01
-8.251904551310105251e-01
-8.265244645859273209e-01
0.000000000000000000e+00
-9.040603340188324566e-01
0.000000000000000000e+00
9.995244469824593470e-01
-4.327209803132536781e-01
2.805396991457185241e-01
5.537634675262275152e-01
-7.611821977116526305e-01
3.792647719209036872e-01
4.275319913707258390e-01
-5.469997018202885641e-01
-8.304722589243462849e-02
7.076296594403181928e-01
-8.036521608144844286e-01
-7.027059361124161629e-01
7.889726971586474846e-02
9.198896343925249131e-01
4.486361587741154455e-01
7.705139349615297562e-01
0.000000000000000000e+00
2.631312047059575221e-02
-5.081508518854684908e-01
-8.724432377057682597e-01
6.685952228549603138e-01
7.432573567581999274e-01
1.000000000000000000e+00
5.272162370719415403e-01
0.000000000000000000e+00
-5.912865139234180223e-01
8.064813162672306301e-01
-4.712152274972378763e-01
1.531162559033152348e-01
-9.837142380849377421e-01
6.161291501429115858e-01
-5.333358662325007327e-01
-2.466175613324730342e-01
-7.997993938499188271e-01
3.499500336133494205e-01
-5.222658416430019379e-01
-3.526287283011619866e-01
8.911048302380435437e-01
-8.239095057700542846e-01
-2.516823714993501326e-01
-8.909649366403871174e-01
-9.580568662554291848e-01
-9.227341222621689987e-01
-3.089951995694464326e-01
-9.341227495650619161e-01
5.858050400106500355e-01
0.000000000000000000e+00
9.027548685644775084e-01
1.290679061119197613e-01
-5.399490954777559359e-01
-9.436298969939702630e-01
-1.761704328277116094e-01
-2.297607996276707087e-01
1.355633282798309747e-01
7.646802840636361953e-01
9.890411490531019201e-01
-2.742999131562504633e-01
-9.321463949532884374e-01
-9.435148004285911494e-01
7.422409371342388873e-01
6.937055754037133593e-01
6.508122033226058090e-01
2.859616977780747860e-01
-7.650302074895318771e-01
-2.600292482427166707e-01
0.000000000000000000e+00
-7.446176985304928664e-01
-5.303891852399411633e-02
0.000000000000000000e+00
9.145206257744886713e-02
-4.009206942413725550e-01
8.546711643603539521e-01
6.201254128541666688e-03
-9.361130273687801040e-01
-7.265632328024604902e-01
1.075762047196919813e-01
2.470052432642422247e-02
-6.023368669259510089e-01
1.063684165190239561e-01
4.365731655302682590e-01
-2.462863101703434143e-01
6.959554807374133123e-01
