-8.276344561209247885e-01
2.791940484892174723e-02
0.000000000000000000e+00
5.620533745915439194e-01
4.714473175070723610e-01
-5.199154106959624766e-01
1.968175357785129087e-01
-9.632851426659814198e-01
-6.213067124727573720e-01
7.565950451322414061e-01
3.201998222593602783e-01
7.498050783175234102e-01
8.619227229622876685e-01
6.038747033451064006e-01
8.064948667312488162e-02
1.593598792686228283e-01
8.438355238526635826e-01
-6.020871056211927197e-01
-3.565960931046450177e-01
-2.055423065770869417e-01
0.000000000000000000e+00
-4.772145606064832624e-01
-8.230066253096008921e-01
6.167369318975968184e-01
-8.508757806789719602e-01
9.051392889803839825e-01
-4.656882780703004432e-01
-4.839009434198118242e-01
6.715287428822867000e-01
-9.005408949483659775e-01
-7.990416823902179999e-01
-5.204736812542523072e-01
4.052251544019818130e-01
-7.405515712744046297e-01
-7.084268082418678780e-01
4.473714346001471664e-01
3.540634373163455972e-01
1.601603178619666057e-01
-6.098359410023268534e-01
-5.634064689269242532e-01
2.480426460980500458e-02
-7.082682896771455017e-01
3.750279862366743266e-01
6.010018160650345553e-01
-3.745209532861339952e-01
-7.760088457917917459e-01
3.788452507459159069e-01
-4.837349874411080997e-01
5.169802360624955462e-01
4.185248138652752914e-01
-7.547543190364309762e-01
-7.032220161802027469e-02
-1.488857639389722376e-01
9.118918952704246905e-01
3.028625675430114406e-01
7.495798857097135670e-01
8.484046541042833400e-01
2.334925300829449046e-01
9.437077599320051746e-01
7.254790571749207828e-01
1.596740333344486285e-01
8.584170062715443805e-01
8.820366956455982788e-01
-1.488871060387637613e-01
-3.743877125038503895e-01
1.417462698484612815e-01
2.355940350342835554e-01
3.764805332228926549e-01
-4.502795853737349141e-01
-5.096069278423855931e-01
-8.958733872624502492e-01
9.031234813672457395e-01
-8.154383702270617817e-02
6.486290755100490024e-01
4.617811133103475463e-01
-6.329591781613452817e-01
-5.411648466088057052e-01
6.708619453024573520e-01
2.341712157171249586e-02
4.351876503968834520e-01
2.701074810519876745e-01
-7.454915968165567453e-01
-9.962277808698469794e-01
1.561219277509775516e-01
-6.733708547659145172e-01
0.000000000000000000e+00
5.220050475247577371e-01
-1.521728084896949440e-01
-9.027726540449476644e-01
-6.080501379861400491e-01
0.000000000000000000e+00
-8.646502025724078777e-01
-3.353288447348972134e-01
-9.049733154681205427e-01
6.739850819039592267e-01
6.037411740311910968e-01
-7.250057306407895474e-01
-8.428000333957430534e-01
4.989697817201130814e-01
-8.394656343752582295e-01
-3.271077877674921641e-01
-6.841933213609261433e-01
3.975302050313238578e-01
0.000000000000000000e+00
-6.297258934744529579e-01
-9.820492029810188317e-01
1.118002813254643790e-01
8.333332737071497132e-01
8.337712933541370219e-01
8.825318643159896226e-02
5.302268488829591231e-01
3.405207224243615993e-01
1.376137862086925789e-01
2.746853777090978443e-01
3.912866601855347071e-02
6.034701511070725832e-01
7.155382133618659601e-01
-8.596265408465184610e-01
-8.635639974038995526e-01
5.489734079048917970e-01
-1.123872297120787067e-01
2.544818846600820361e-01
1.097178380770813533e-02
6.598316306688993826e-01
9.699236988948325422e-01
-5.632768482795387222e-01
1.340295401719011625e-01
0.000000000000000000e+00
-4.113379309504816561e-01
-5.885547941748465739e-01
2.178317671981317982e-01
1.216158048061324326e-01
3.290691479856984181e-01
-2.325747863380349667e-01
7.300380492648215203e-01
8.902486638426143628e-01
4.397559687631726888e-01
-4.679290382516014812e-01
-6.355660297383149970e-01
0.000000000000000000e+00
-9.879475753081701228e-02
4.884734165166606523e-01
7.640414697021182810e-01
4.104580043133132516e-01
1.316084942624140552e-03
-3.605804300698964848e-01
-1.293656111084651172e-01
-7.106580914868443344e-02
2.424661287322436021e-01
-8.963431641053067889e-01
-6.578129234760992095e-01
8.130166102688243246e-01
-1.811849089225576748e-01
-2.209096411821791506e-01
8.508139438384723086e-01
2.202864990111186305e-01
-8.874619186800432047e-01
-8.799272697596371984e-01
-6.348518644238252406e-01
-4.039596142231605125e-01
2.337000911490003663e-01
9.832963476852207840e-01
4.971394775683233291e-01
4.548724276372706488e-01
-8.541873363007397302e-01
4.318336662435948714e-01
7.670915891033742717e-01
-6.142335928122943933e-01
4.514182971568936331e-02
-1.760483392482137255e-01
-7.044309192823972054e-02
2.648825930863540901e-01
-1.600854450223017089e-01
-3.557581022532336767e-01
-3.655497271339658294e-01
-3.853792672784597251e-01
8.163534353187698045e-01
9.278823023634299449e-01
7.557677621106995147e-01
5.701790679313500920e-01
0.000000000000000000e+00
7.979419103986222783e-01
-9.837427220408017092e-01
-8.278682981428711063e-01
5.255219504405086450e-01
-6.644392610734315419e-01
1.525973344830486855e-01
7.100822533937343195e-01
-7.432439484300863430e-01
3.023151885991406385e-01
-1.171450351744847129e-01
3.079691979425311921e-01
-1.811353634656904799e-01
-7.017875113964366918e-01
-1.284681301218038030e-02
-8.800853500833125675e-01
-8.544885842197094128e-01
6.100846621278106507e-01
-3.952548621333453749e-01
6.094691124410678285e-02
4.057919236307228061e-01
9.328886015629129780e-01
-2.051765826511691149e-01
1.027527731813917544e-01
3.014688288617282108e-01
-2.302537096598000765e-02
8.490280576811566338e-01
9.992490699523051134e-01
2.349038318212381959e-01
-2.478979072403020290e-01
-8.853190412040612411e-01
-6.678797835419707507e-01
6.201246936770821172e-01
7.559106435448466055e-01
7.665915740815372192e-01
-2.279877995862502615e-01
5.512912539634966524e-01
1.542972441668464256e-01
-6.643202075990839450e-01
-9.438462902955726541e-01
0.000000000000000000e+00
-7.525973027892705058e-01
2.341608603673512867e-01
9.450159195495886344e-01
1.515478618491226115e-01
3.767133497156407440e-01
-6.307622616414754191e-02
2.417319030303193284e-01
-4.430732917104003299e-01
7.969736547223493783e-01
-6.120922304986886608e-02
-1.691391985008448007e-01
7.684575048331441227e-01
0.000000000000000000e+00
-9.383744060711660673e-01
-2.355320761596304546e-01
-1.035314779155476206e-01
4.039933431176105927e-01
9.197991780702794440e-01
-6.655973374172414747e-01
1.689534216030128544e-01
-7.879372354899751851e-01
-9.885089058901770365e-01
-7.591408128896850460e-01
-7.376017291173149193e-01
-8.758988417680133587e-01
2.291157652855666527e-01
-3.861698891704312686e-01
-8.068481433815966053e-01
-7.950282060286739672e-02
-3.503512557143895201e-02
-7.701874743415400015e-01
5.334117202133967783e-01
-7.161173978207506785e-01
8.253097625054561792e-01
2.820961670990509429e-01
4.982971241586127142e-01
-6.021804526585265993e-01
-1.152676131820107308e-02
6.899088806543633989e-01
2.995809940810441052e-01
5.742565765573608427e-01
-4.537678146562511561e-01
-6.288432300783746154e-01
-5.804066092069466443e-01
