-1.138814833153953820e-01
7.779271276857946393e-01
-8.093910247964632987e-01
3.392451468581509921e-01
-8.522740962000983078e-01
-3.749229321898037703e-01
-3.596663074092467660e-01
1.782775847886088894e-01
-2.163447420406083843e-02
3.296585501643989335e-01
-7.158903386635440125e-01
7.049689360761046686e-01
3.197102292718367877e-02
3.656525580601115433e-01
-2.131917903157631855e-02
-8.880748383080521169e-01
4.679708271664839714e-02
-3.371473432406535409e-02
5.995179497204830010e-01
6.644276097092354227e-01
2.333006137504312072e-02
3.552623110035790788e-02
-5.936342057027292896e-01
4.519392197378155895e-01
5.781871124186828137e-01
-9.673072435076219833e-01
-3.594507727310587430e-01
8.379051349802117965e-01
-1.286467011940490845e-01
-6.064063850907068787e-01
-4.847294026545019285e-01
-8.999332218218929480e-01
2.742859142628268909e-01
-3.045313500159374520e-01
0.000000000000000000e+00
-7.313354862080587715e-01
-4.869021582400152592e-01
9.703070859466391695e-01
-3.457702859184839106e-01
7.676883668476914835e-01
0.000000000000000000e+00
-3.811186085893698561e-01
-9.559698655515336263e-02
0.000000000000000000e+00
6.723873104895523589e-01
1.866068295630081142e-01
0.000000000000000000e+00
4.014379482507324237e-01
0.000000000000000000e+00
-7.932414350393828251e-01
-8.204862821782696880e-01
3.954396019463315426e-01
7.126951129016865227e-01
-6.777829917583038100e-01
-1.228162716371374863e-01
-3.134080955366844723e-01
6.869446511024175361e-01
3.446500479615797197e-01
-8.890942805293395867e-01
4.739828164574326763e-01
7.539786331101072658e-01
3.426293422468662531e-01
5.358055972385644683e-01
-8.137769469366746833e-01
-3.218865301211892849e-02
4.116089189777172308e-02
-3.436024563799078280e-02
-2.365948950320908573e-01
-7.872182311915902897e-01
4.187291460791144893e-01
2.420108977393988781e-01
0.000000000000000000e+00
0.000000000000000000e+00
0.000000000000000000e+00
7.684159665529883831e-01
-1.504511347524111198e-01
-4.644035469904626012e-01
0.000000000000000000e+00
-6.452156391487564591e-01
-4.958316661992867580e-02
-4.799823597996910607e-01
-7.012684878785324649e-02
7.818538452685253048e-02
0.000000000000000000e+00
-3.997554330306929415e-02
-7.489023549909061828e-01
-7.596520465171086034e-01
-8.688720904597533323e-01
2.484971137408522601e-01
4.708674124243206194e-02
-9.345950003402323514e-01
0.000000000000000000e+00
6.023014943359705775e-02
7.413037469671093227e-01
6.152905730339195411e-01
5.710499630116410152e-01
-3.332209084950883415e-01
-2.444032149407378007e-01
-1.662467410419643521e-01
6.536531877873483776e-01
-6.051818787903946451e-01
-8.256622654599314881e-01
-9.103801798548605273e-01
7.426164005638589138e-01
-6.142017912529511570e-01
-3.900089929893626461e-01
5.813938418957500520e-01
3.883890970253032204e-01
2.225771324438574617e-01
-6.163629315989542778e-01
-8.911900063449385012e-01
-6.548506201725290410e-01
0.000000000000000000e+00
7.792965839985208643e-01
-7.447898402467778567e-02
-7.105696264426970554e-01
-7.106612449347553540e-01
8.103147339807303950e-01
0.000000000000000000e+00
5.559607968175970250e-01
0.000000000000000000e+00
1.816653057159796081e-01
-8.186808305570121291e-01
3.946040749685209015e-01
0.000000000000000000e+00
0.000000000000000000e+00
0.000000000000000000e+00
-5.972171603723142042e-01
-2.199518444414216845e-02
9.285194427665834915e-01
3.521660801144870234e-01
5.126005544488880794e-01
-9.835783684898125045e-03
0.000000000000000000e+00
0.000000000000000000e+00
-2.928692075479890633e-01
3.379377277010653380e-02
0.000000000000000000e+00
0.000000000000000000e+00
0.000000000000000000e+00
-5.497537021312357552e-01
-9.649547213223752529e-02
-3.995962274628306332e-01
3.068784936578465850e-01
7.291774596618707527e-01
-3.729929417151514048e-01
-2.346108099948602810e-01
5.778578083461562986e-01
1.328464497422956470e-01
-9.472489762064293384e-01
0.000000000000000000e+00
-2.789816260292965477e-01
9.959438572400662881e-01
0.000000000000000000e+00
-6.667223789712810600e-01
-6.017094753811225161e-01
6.410259100789961195e-02
1.693776995591400603e-01
9.717973813508788972e-01
0.000000000000000000e+00
-2.278002747091658620e-01
-5.467421280153723639e-01
0.000000000000000000e+00
0.000000000000000000e+00
-6.959311414925477557e-01
1.518078735915211475e-01
7.802598698576708180e-01
-6.660545101778108101e-01
4.582312672150714583e-01
-3.361279557007448293e-01
0.000000000000000000e+00
-1.634644276902341709e-02
-9.008526625176778158e-01
5.472477069958396889e-01
0.000000000000000000e+00
-4.057008627085645358e-02
-3.660614370531924955e-01
4.167961219415874385e-01
-6.250879354743585914e-01
-9.560384006226942954e-01
-4.480261124348483559e-01
6.456315628484969871e-01
-3.107004406858897561e-01
2.121593666438719161e-01
4.034814545507880990e-01
-8.033208466385179936e-01
2.646984675849872737e-01
5.058118638907775910e-01
3.684971548176565470e-01
2.685542299073349071e-01
0.000000000000000000e+00
-3.874388173928948742e-01
-3.400739548956459579e-01
6.421464951382764852e-01
1.349120012058631080e-01
-7.472726867885646218e-01
9.712198950935970743e-01
-6.359430035051849561e-01
-7.115664956756702075e-01
-1.915832276765851994e-01
-6.970407497128496832e-01
-3.674141270657682590e-01
0.000000000000000000e+00
-3.769237499049227225e-01
0.000000000000000000e+00
-5.669353801201473253e-01
-8.227056092720155256e-01
0.000000000000000000e+00
8.381585061545959725e-02
6.059648127460812717e-01
-7.623911340355722377e-01
-6.991715015986139647e-01
5.074350729792209691e-02
0.000000000000000000e+00
7.457911464627708931e-01
-9.813689719825391400e-01
0.000000000000000000e+00
-4.933274618474270401e-01
8.646876365240310225e-01
-1.408111437038281899e-01
3.687607840067066434e-01
-1.558634165644106062e-01
0.000000000000000000e+00
7.682128475659817379e-01
2.067204963898290337e-01
2.686773017592356538e-01
0.000000000000000000e+00
-2.362192137097576250e-01
-1.387277127257300346e-01
-9.503789849441401927e-01
-7.445848140245332480e-01
0.000000000000000000e+00
-6.291916537450736868e-02
-4.789076285782569720e-01
6.419152604822888630e-01
4.105198736867732290e-01
8.856211142732093311e-01
3.156246131267750332e-01
6.806794858986862096e-01
0.000000000000000000e+00
0.000000000000000000e+00
7.060934833289891355e-01
-6.382521022531815191e-01
-3.070255388675089403e-01
4.214509163086079813e-01
1.271481722506988543e-01
-2.079048672554373312e-01
7.405791972545967550e-01
-5.179259402069424922e-02
9.166043674359098947e-01
0.000000000000000000e+00
0.000000000000000000e+00
-5.387725404976877464e-01
9.811267463272470568e-01
-8.523566451701707347e-01
-7.681988735575708827e-01
2.481376146138987160e-01
8.293064892518919873e-01
-7.009635688044661972e-01
0.000000000000000000e+00
-9.182552442012834604e-01
-9.480818055397048916e-01
6.215581917472050577e-01
-7.305497474001434455e-01
-9.379195472051093940e-01
