2.376727608813538062e-01
-1.615490662244136733e-01
9.099010202534150160e-01
-6.520759599524916794e-01
1.263457248059569604e-01
6.265352422340759730e-01
-8.633467054561942966e-01
4.552729443304477375e-01
8.412882783385722263e-02
-1.976325933047671235e-01
-6.321266191356726960e-01
1.147512414946134651e-01
-6.833328909161400233e-01
-1.064628811752554860e-02
7.320680527278700112e-01
-7.060867335188214522e-01
9.255547811405506753e-01
9.168647989282288080e-01
7.919659936195644345e-01
0.000000000000000000e+00
-8.537110378061822935e-01
5.017684411820777513e-01
-2.232544119780124348e-01
9.537572365637048133e-01
7.593116088649367601e-01
5.301934475189244989e-01
-9.284718677916896645e-01
2.916739013965725658e-01
7.401575517323077946e-01
-7.379467162803228231e-01
-8.927068170318621654e-01
-7.338496000220835480e-01
-6.889751092517077957e-01
7.213307497747165620e-01
8.155833329933406262e-01
7.920084302866010617e-01
4.022936094016764663e-01
-6.521111845344658153e-01
-4.331758327181083335e-01
-5.510330363599302839e-01
-8.529922662834132918e-01
6.620963820784671050e-01
3.637822859224923988e-01
6.880174590028138581e-01
3.010688562990966322e-01
-9.490394592336479640e-01
6.880237554964212521e-01
-1.175186592718784340e-01
2.660120175004543341e-01
2.197462314760716406e-01
-7.587075136302301459e-01
2.387084270318458046e-01
9.185356614996522673e-01
6.829199505822181049e-01
-3.440299345082402649e-01
9.628624121162943084e-03
9.239877276891554914e-01
-6.239726831109535521e-01
-4.087348484635404677e-01
6.274469118041250404e-01
-2.577547461977640619e-01
9.026350135375429407e-01
6.349484805452298986e-01
-7.730991545584584568e-01
-4.495255903051296187e-01
-9.609198989062868179e-01
-7.358744011096329807e-01
1.005558150681267193e-01
-2.549482520126322704e-02
4.781890630916585394e-01
-2.131235191967562059e-02
1.629612264697497537e-01
-3.648514674830936055e-01
-5.777296623399208464e-02
-8.551190271766815343e-01
-6.731244248955554621e-01
4.945315978746052110e-01
-7.284081832116569011e-01
-9.123332933636854047e-01
3.031311968763701348e-01
-1.817289702887376901e-01
-6.961679815389754111e-03
8.306009218535088667e-01
-3.444323323376941026e-01
-5.912665529147043131e-03
2.336770717724709900e-01
-7.919611710930387627e-01
-2.138994303645564976e-01
-2.188185368908657225e-01
-5.989688873515326417e-01
4.062678649124629171e-01
-4.556716559240718833e-01
-2.846766326168823635e-01
6.382945985746906192e-01
-3.001987656224116563e-01
-2.079167076458943164e-01
-5.244068706055688978e-01
6.097140265700864425e-01
-1.203276419636465366e-01
4.171863419490318137e-01
7.017771354539414919e-01
-2.521749178955972059e-01
8.995189319190932675e-01
4.017994123128725281e-01
9.773954765985726212e-02
1.201555031341339230e-02
-6.584361446359106029e-01
9.531264895250923797e-01
-6.007207437108139647e-01
-1.106350650342575737e-01
4.383935760903310275e-01
-4.974971187479602097e-01
6.678169488943535015e-01
-2.783404908961955027e-01
7.632687009969574277e-02
0.000000000000000000e+00
0.000000000000000000e+00
7.986097181010143320e-01
-9.121856006693238594e-01
-8.342539417261320978e-01
6.691045919376126250e-02
0.000000000000000000e+00
1.796278676587226286e-02
-7.589108670883928376e-01
-4.272547321404314147e-01
-3.461300276552412569e-01
-6.116893790736082082e-01
4.302359320758819550e-02
7.230420497867626750e-01
3.322989515147203310e-01
8.442255040371178243e-01
-2.483011486444921534e-01
-1.645978707970914279e-01
-1.733033211654595451e-01
-9.991929783444879476e-01
0.000000000000000000e+00
5.676820408907476967e-01
4.218581981272495618e-01
8.951101507443277594e-01
-7.942783081608253415e-01
5.846920063144380730e-01
3.599471490134942275e-01
-6.203801878962309502e-01
0.000000000000000000e+00
5.010079996300875749e-03
-3.696018063710957424e-01
-3.160229811559538415e-01
-8.889557832014078897e-01
7.475689751748679779e-01
5.080211360087363293e-01
-1.653934464580186781e-01
7.187611469533150554e-02
-4.996479003317082501e-01
0.000000000000000000e+00
-7.457477132096839156e-01
6.585254754849094727e-01
7.495792926301245718e-01
-5.795993725674111197e-01
-7.500045035922235925e-01
-9.570328983090330421e-01
5.484158160833023654e-01
-8.344519070966505137e-01
3.310819769611219598e-01
0.000000000000000000e+00
-6.253518453982911396e-01
7.417890920245013842e-01
7.710317430014950180e-01
-2.351224785122885130e-02
1.056565136658245141e-01
3.239924715067041827e-01
-9.842936801798163327e-01
0.000000000000000000e+00
9.750159197072980621e-01
6.774138711394104284e-01
3.394772309585785131e-01
8.296751452855739561e-01
-4.482336454084956401e-02
4.258765055911806208e-02
4.322991176879795727e-01
9.848879024676073790e-01
5.269109567543623918e-01
-6.121630419171173454e-01
-2.413344801956447405e-01
5.568560340710619894e-01
9.946362238698429614e-01
-9.522722390024074279e-02
-2.048707629169577160e-02
-4.845291062279681871e-01
8.077679956975130082e-01
4.422668880926230450e-01
-8.313393259565358129e-01
-1.126614314695304486e-01
-5.507043975711320982e-01
-9.927014027309095656e-01
0.000000000000000000e+00
-6.895942502038252542e-01
9.496119249197894074e-01
9.339710593873040700e-01
6.994813493941041127e-01
-4.059096655571869938e-01
3.227015103780859206e-01
3.003501317609831300e-01
0.000000000000000000e+00
-1.313366686029384667e-01
7.016683158153225186e-02
-2.257585294428823275e-01
3.408063610744016536e-02
-3.647048149137388506e-02
-3.757848104674141876e-01
9.838532473710233095e-01
4.260744235287743376e-01
-4.376781864114263065e-01
-6.480431429086399575e-01
-4.525543512577945293e-02
5.495287467853959829e-01
-4.052723824659487661e-03
0.000000000000000000e+00
9.103323489633541321e-02
8.530738509424711236e-01
5.577545639920831189e-01
-4.686174322799054881e-01
-6.956529111947373778e-02
8.878245487700289207e-01
-5.633797380975280600e-01
2.798648934125249621e-01
-1.472389450706164116e-01
5.391271082901070155e-01
-8.739441998156809444e-01
-1.544587155311500926e-01
7.137201794660044119e-01
-4.552673618501550390e-01
7.518519279104523001e-01
2.421999449842968666e-01
5.357982396713281137e-01
-3.809232543430383089e-01
-9.321901361320812374e-01
0.000000000000000000e+00
5.760554248831313284e-01
-5.544144577113994110e-01
6.684958675158239050e-01
4.864715893923645673e-01
-4.227274263258085085e-02
8.137146508994514971e-01
0.000000000000000000e+00
8.877484170250242723e-01
1.871765143407799759e-01
4.759032374781859698e-01
8.980766634308467999e-03
2.673247580987763161e-01
3.659936323123778035e-01
-7.451067926667400698e-01
-8.008349808545967008e-02
9.908096448751575469e-01
1.985663645305626446e-01
-8.096408853097891711e-01
3.408867118281746489e-01
6.735790935896877052e-01
8.689325992746299576e-03
-1.069752560023913279e-01
5.903753336986592437e-01
4.614395645189290907e-01
4.563206037915892299e-01
3.600255336451165800e-01
-6.147564654512649440e-02
3.797043310160306273e-01
