0.000000000000000000e+00
9.684758382497726803e-01
8.000240089056687154e-01
2.495697579050526471e-02
3.800699980803106115e-01
3.239962869498198561e-01
0.000000000000000000e+00
-3.145684124194270126e-01
0.000000000000000000e+00
5.978261344063153793e-01
-1.121453204419649019e-01
-5.484276402281933471e-01
-9.458306868444388282e-01
3.079334786937137913e-01
3.041988814616163328e-01
0.000000000000000000e+00
6.499232702391641858e-01
-8.614348304492969177e-01
-8.265028078060046024e-01
-2.186823005281819388e-01
6.568464219946610338e-01
1.625652664912824452e-01
-7.410159998946381776e-01
-1.595106671168045054e-02
7.599083467079692511e-01
4.805167583661420494e-01
6.109758654238830466e-01
6.947863606150526117e-01
1.000000000000000000e+00
7.685300780415871280e-01
0.000000000000000000e+00
-4.063272279817287114e-04
0.000000000000000000e+00
0.000000000000000000e+00
3.024617737400494555e-01
2.926524818377107540e-01
6.579445948332529603e-02
-2.323297516129219087e-01
6.076480241042352404e-01
-6.097399692301048724e-01
-4.621243748502525950e-01
1.227147212556369826e-01
6.872546226885454246e-01
3.060459086462827827e-01
2.419883880786177777e-02
-6.510247553747596783e-01
0.000000000000000000e+00
6.459937210038144695e-01
0.000000000000000000e+00
-4.660825579486016501e-01
-1.532350062523955003e-01
-6.347925584976528146e-01
0.000000000000000000e+00
0.000000000000000000e+00
-1.408608441801506572e-02
-9.700731713935899503e-01
-2.636115523757032175e-01
0.000000000000000000e+00
0.000000000000000000e+00
2.931148160954750725e-01
8.874023241206696611e-01
2.431884226956499973e-01
0.000000000000000000e+00
0.000000000000000000e+00
4.272467505713950509e-02
-2.062615760875030624e-01
-8.017621631676119520e-01
-6.502889811720891089e-01
5.074985069649227132e-01
-4.090665765122143416e-01
-2.355010359581748425e-01
4.133887227744617032e-01
-4.164788868156876767e-01
3.799751093613970010e-01
-2.855682111123059030e-01
-5.747369599272345031e-01
0.000000000000000000e+00
9.014985170130744851e-01
-9.910945113915412552e-01
3.707748151682583870e-01
-3.779297201360152236e-01
4.721686890051464136e-01
-5.748308706483105102e-01
1.000000000000000000e+00
-3.435136389125865719e-01
3.473826000595290342e-01
9.073218370332005733e-01
-5.966041306320031268e-01
7.666327043811826947e-01
8.026091958068446441e-01
0.000000000000000000e+00
5.134947146740178603e-01
1.727526904761922388e-02
-5.247928792600478065e-01
3.303647536047518152e-01
-8.430644160829268152e-01
-8.612342523451312903e-01
0.000000000000000000e+00
-6.092572739154091810e-01
-8.790857571843773144e-01
0.000000000000000000e+00
5.195587939822836621e-01
4.929393214755268815e-01
1.304560771012328591e-01
0.000000000000000000e+00
-4.368067760030962532e-01
8.085549034748302777e-01
-3.984005552950351525e-01
-5.789147009678874412e-01
4.601936080538895357e-01
0.000000000000000000e+00
-7.043471584571001642e-01
5.563984109807951217e-01
2.367236897442532850e-01
6.136444688380759960e-01
-2.580832050128702981e-01
0.000000000000000000e+00
5.842279350737702437e-01
3.375977872178892447e-01
0.000000000000000000e+00
-1.432764495430229879e-01
9.524716719377934737e-02
-2.812432364091617121e-01
0.000000000000000000e+00
-9.765395622626906746e-01
-5.056830622028989364e-01
0.000000000000000000e+00
-2.972023071845042441e-01
2.292193252915546431e-01
-5.827084717271224790e-01
5.051618509079478514e-01
-7.954105123581187708e-01
-2.276521143737442188e-01
-8.855674202019789831e-01
-4.156596714269622517e-02
-1.066481299304733454e-02
-4.713186424425437338e-01
1.076743036897422900e-01
3.245341124735114935e-01
0.000000000000000000e+00
3.032874571999226720e-01
-9.597508849988476420e-01
1.000000000000000000e+00
0.000000000000000000e+00
-1.700393436811384884e-01
2.173808260464604736e-01
0.000000000000000000e+00
0.000000000000000000e+00
9.921832745091581085e-01
0.000000000000000000e+00
0.000000000000000000e+00
9.623251514177622035e-02
0.000000000000000000e+00
-8.743918369656948908e-01
-2.335904836362301396e-02
1.512537968879348327e-01
1.049053464565739002e-01
-5.959611883398516774e-01
5.497338357380723295e-01
6.258921651987539025e-01
-8.997789041101629248e-01
-3.412974421229792998e-01
0.000000000000000000e+00
0.000000000000000000e+00
7.374195714504685473e-01
7.418405000343673006e-01
0.000000000000000000e+00
-8.491097701632044359e-01
0.000000000000000000e+00
3.241325526574903026e-01
-7.200882193106046270e-01
0.000000000000000000e+00
4.255750208705653126e-01
0.000000000000000000e+00
-1.527029670139472550e-01
7.091869816307057039e-01
-5.666207415255275492e-02
-6.647733143652789778e-02
-8.966615099196855176e-01
-1.585461307045354928e-02
-5.985328159922840285e-01
0.000000000000000000e+00
1.000000000000000000e+00
7.081450509688074213e-01
-7.344962545443083357e-01
5.117152691289770239e-01
-4.321642809165668897e-01
-7.938116723494950122e-01
4.126331976168569060e-01
-7.400689958006529956e-01
1.913265452702361813e-02
0.000000000000000000e+00
1.731621457935945685e-01
-3.816392618403696702e-02
-7.659970675652416627e-01
0.000000000000000000e+00
9.363612098602118738e-01
9.964209311798120083e-01
-9.418164796954817675e-01
0.000000000000000000e+00
-6.101658447971303190e-01
-3.053651150803249337e-02
3.951832773272223598e-02
-2.979189306425293893e-01
0.000000000000000000e+00
-5.084900064214021853e-01
-9.069479385223935264e-01
0.000000000000000000e+00
-2.685010604903763642e-01
-5.677911137555096133e-01
-5.002735103064881450e-02
-7.705681856174961819e-01
-3.691245508829694710e-01
5.173859777550473549e-01
0.000000000000000000e+00
-9.481102391610025659e-01
0.000000000000000000e+00
1.494818021333621516e-01
2.692348061149945071e-01
0.000000000000000000e+00
0.000000000000000000e+00
1.694886587068209494e-01
0.000000000000000000e+00
5.219445560363191738e-01
-5.307398862351275781e-02
-6.917622409564545549e-01
2.138317921136656530e-02
-9.611792084995651742e-02
0.000000000000000000e+00
4.779656490801513780e-01
-1.711521262341797467e-02
-8.918251773040657415e-01
5.950095986361128020e-01
-1.483875956758053949e-01
0.000000000000000000e+00
7.031208849817607298e-01
8.068135454004112805e-01
9.366069131301757444e-02
3.471585837256123686e-01
-1.027648976776491807e-01
-9.245269123470167827e-02
0.000000000000000000e+00
0.000000000000000000e+00
-1.873542763995199589e-01
9.248178072705437458e-01
-9.244964604164138677e-01
-1.838927685260951517e-01
3.650145023929831645e-01
0.000000000000000000e+00
-1.380662418266076497e-01
-2.711236809684016702e-01
-6.128078728043200307e-01
6.819872711500662987e-02
-2.729545652237042042e-01
9.877183853817945725e-01
-5.575144027206198061e-01
5.923454404207413315e-01
1.950406926382011186e-01
-7.213313483111358781e-01
-4.880944431932465744e-01
3.416135241778714970e-01
-8.200294027245000894e-01
9.080844405640831063e-02
4.591696600875569967e-01
-8.308891259547728225e-01
