1.592986216458101012e-01
-6.268112870531401537e-01
0.000000000000000000e+00
-5.751104634611381439e-01
-5.765470676517927551e-01
1.000000000000000000e+00
6.198895411602649563e-01
2.592068619067888768e-02
-4.870159486879568345e-01
9.275359118899111355e-01
-4.987385260751775462e-01
-8.828224154052184414e-01
-4.133832723702968170e-01
8.266910677064982504e-01
7.371652696740413901e-01
7.462560757479983486e-01
2.709886128272664951e-01
-2.444175451270784727e-01
2.601563424671731184e-01
-7.888335197275195831e-01
7.285799918291071542e-01
1.925532322904675020e-01
-7.786857035070819943e-01
1.000000000000000000e+00
-2.589902651432351988e-02
7.821154555899412220e-01
8.307986880241144956e-01
-3.093363704382268153e-01
-6.079129786962131909e-01
0.000000000000000000e+00
7.808093978563497295e-01
-2.629538684967742679e-01
3.376117664921540751e-02
-7.983230872626190244e-01
5.353215055023374802e-02
-7.983984834693798049e-01
-9.978819027152483478e-01
-3.241749999742380428e-01
3.416606076069561571e-01
-9.832141097469484503e-01
3.716579252900977792e-01
3.166998410642942741e-01
3.366209972773277492e-01
7.710208717812507828e-01
-4.260978106224351247e-01
9.378734655306681933e-01
-1.570208638139709567e-01
-2.989230415069417113e-01
7.108154107154440737e-01
-1.484453844628192964e-01
0.000000000000000000e+00
4.211320677165144577e-01
-1.632629465856429984e-01
-9.308169299858493062e-02
5.208682902989054675e-01
2.740429964228341397e-02
1.575450867453875858e-01
0.000000000000000000e+00
-4.321387286315705456e-01
2.595381284115116927e-02
-8.011252366225565247e-01
-4.392043746685410088e-01
-5.060997655283034913e-01
9.098267044788828084e-01
4.457947401581996427e-01
9.723197541225552243e-01
-3.926848064129051519e-01
-2.083698936313727046e-01
-2.830411264636243374e-01
0.000000000000000000e+00
5.623440012195457527e-02
-6.587862618184381347e-01
-8.431556922265059928e-01
-6.445455187884212567e-01
-9.234050759732643776e-01
7.159929050015854113e-01
-2.895382025470367715e-01
3.467143997474033679e-01
-8.553787690186145376e-01
3.729456492535845324e-01
5.021089154653783915e-01
-8.491711235405219327e-02
9.253647669681197563e-01
-6.222714620570579669e-01
6.812176353424304054e-02
7.459001338144166660e-02
-4.492365217213134532e-01
-5.783276744252516810e-01
-4.944610121260248903e-01
-4.933696251631727314e-01
-3.105445917252949162e-01
8.960745512010064306e-01
-9.926050511630324369e-01
7.670703787548986963e-01
7.871173540584892603e-01
-3.086879832590998518e-01
6.817212944121959772e-01
-5.089940178978427099e-01
-2.912141770425074050e-01
-7.898906678183226227e-02
4.874636200608788439e-01
-5.845114044451094060e-03
9.408313542610682312e-01
9.627119922996210111e-01
-2.658845274399634917e-01
-9.866096247800451025e-01
3.048190317832841778e-01
7.203797315749016494e-01
-3.994898448725707762e-01
7.000723998194746667e-01
-3.131563846439746612e-01
9.776000846747714412e-01
4.534689274088326005e-01
5.786385290362174860e-01
0.000000000000000000e+00
3.918529847887655126e-01
-6.596870178609874902e-01
2.419834752861984573e-01
-4.971916005357692736e-01
-6.778713231424002839e-01
7.330110038548189877e-01
-9.466502336014137597e-01
-1.199635926399564845e-01
-2.412655398573868570e-01
-6.753710929985454747e-01
-8.381114457474643231e-01
0.000000000000000000e+00
-7.997866739877677045e-01
0.000000000000000000e+00
9.805337563366638420e-01
-5.475251148977628990e-01
4.047448476939985440e-02
4.040089920697820247e-02
-5.109706726016580713e-01
-4.166075754486624483e-01
2.659002691315148770e-01
7.238396481021005524e-01
6.939629993767826299e-02
6.336163285674540901e-01
7.902178661872358845e-01
0.000000000000000000e+00
6.834037243536172923e-02
-3.933258819236702397e-01
-4.231041149380310173e-02
7.780882418733328088e-01
9.387630123576675700e-01
-2.974729235764574931e-01
9.917116180141012372e-01
9.030256910801706116e-01
2.250115447632321519e-01
-9.808285998914025861e-01
0.000000000000000000e+00
-1.802777714118897201e-01
-8.998985761591038468e-01
-5.474100657746685528e-01
8.189664736508461829e-02
0.000000000000000000e+00
-9.226257431073099369e-01
-6.060913242444925242e-01
0.000000000000000000e+00
0.000000000000000000e+00
2.420848490016722643e-01
9.097967174477057384e-01
-5.319494502912796019e-01
5.231767721391165082e-01
8.912005689355722016e-01
-5.979335945983441647e-01
-1.244610235806260512e-01
1.072140569356117012e-03
5.042252227735166681e-01
0.000000000000000000e+00
0.000000000000000000e+00
4.756088207657205302e-02
7.679270520451924043e-01
-9.611664083939128744e-01
8.668312603283589990e-01
8.631891887242395534e-01
-2.453784416884567943e-01
2.315949736243101409e-01
-4.741887427820259404e-01
-4.924702689701097036e-01
6.480125898220934211e-01
-7.013397134853334158e-01
2.289306590738737768e-01
1.623427725691239942e-03
6.333242362225299793e-01
-7.028212641661573112e-01
0.000000000000000000e+00
2.186641956209838256e-01
4.739067143016562067e-01
0.000000000000000000e+00
-4.401356435986234494e-01
7.603760219371726858e-01
0.000000000000000000e+00
-1.496717870061610167e-01
6.505618377534265750e-01
-7.792053280695792061e-01
6.524220615151896663e-01
-2.914712658996614358e-01
6.259628284654317198e-01
7.811377667048235995e-01
-7.884366349221139103e-01
7.699639628767140920e-01
4.117651400827790908e-01
-1.304366559538632231e-01
-8.067981989108075069e-03
-4.621833812660640639e-01
-6.383048655340965993e-01
9.303397697030377778e-01
-8.859853462563016535e-03
-9.426262536207377085e-01
8.108781765434469602e-01
3.152520848233675288e-02
8.752468173251959360e-01
-8.445768313167678620e-01
-3.616626067643435860e-02
5.173189014069008440e-01
0.000000000000000000e+00
-4.568412417334470899e-01
3.192475935569356604e-01
-1.104993356386134717e-01
5.198130997939436337e-01
-2.037615933045844319e-01
1.507499478224165745e-01
-4.951865328259248411e-01
-9.176939338331806528e-01
-5.882562740652081956e-01
8.367772557412544998e-02
8.258403608456577061e-01
8.742266579591255748e-01
-9.645310066352925649e-01
-8.046788991946407510e-01
-4.194962381050157951e-01
-3.029754688326546930e-01
-4.885391119766386847e-01
-5.954663696178452703e-01
3.936450033408211979e-01
-9.301070878831878552e-01
-6.152508628775688049e-01
-5.399238816978004785e-01
5.475848470745565688e-01
-6.703037515325704909e-01
-5.049941642389808028e-01
-1.400644997189406382e-01
2.337066083613195122e-01
5.070778834961540138e-01
-4.284936837648067876e-01
6.468428956480900549e-01
0.000000000000000000e+00
0.000000000000000000e+00
0.000000000000000000e+00
-6.202299668526649601e-01
2.631449623394219728e-01
5.505831852538805027e-01
-7.043714257451823002e-01
3.527636859158016502e-01
-9.096835077253104807e-01
6.217789695511417580e-01
9.009546963318069146e-01
-2.668189786403774022e-01
-7.566365991032635296e-01
4.317053386351339395e-01
9.718145382990122094e-01
6.135330104339571378e-01
3.163939862619393750e-01
