0.000000000000000000e+00
-1.024517300989209456e-01
1.296314044916084818e-01
-3.865849921359549857e-01
0.000000000000000000e+00
-5.191735231413763252e-01
5.177165074680989409e-01
2.786722367248022358e-01
0.000000000000000000e+00
9.256617111179137325e-01
-7.321371450999254460e-01
-2.455007129540565103e-01
-5.095898861493042276e-01
-8.146371412340474016e-01
-5.032149541055193076e-01
-1.736493996850778654e-01
1.000000000000000000e+00
0.000000000000000000e+00
8.315678264134336306e-01
-7.954830100595888798e-01
3.058093008722488904e-01
4.605224721026344170e-01
8.070923991119303142e-01
-3.267046237777284645e-01
-9.567464995808592221e-01
0.000000000000000000e+00
6.176217432899431259e-01
0.000000000000000000e+00
5.550524928545004233e-01
0.000000000000000000e+00
5.638749065586612375e-02
0.000000000000000000e+00
-1.733154170932937888e-02
1.000000000000000000e+00
-8.292065619220876371e-01
-9.611603627698777075e-01
4.171436042438469993e-01
8.888284058803330723e-02
5.461349048021653108e-01
1.000000000000000000e+00
-3.033155722274230026e-01
-8.020039054070706719e-01
1.419141503968153195e-01
0.000000000000000000e+00
-8.928293633298278742e-02
-6.947387288555537666e-01
0.000000000000000000e+00
-1.560867391531315373e-01
1.794936431781966046e-01
-1.302031596977362149e-01
-3.344623850931889297e-01
3.271936270839592709e-01
0.000000000000000000e+00
5.767200457037380268e-02
-6.082149149844080505e-01
0.000000000000000000e+00
1.759744316261893093e-01
0.000000000000000000e+00
-9.967503974186402438e-01
1.090806192394613294e-01
1.000000000000000000e+00
-2.833792746392713724e-01
1.000000000000000000e+00
2.109350911155132291e-01
4.576718015692859964e-02
-6.677719809940307893e-01
2.928953382856605003e-01
-5.093930786906875063e-01
0.000000000000000000e+00
7.453698031221551723e-01
-1.475403286405498893e-01
-9.603971687262695678e-01
3.457047843132714515e-01
-9.921140118809530506e-01
0.000000000000000000e+00
9.455248348557860893e-01
0.000000000000000000e+00
0.000000000000000000e+00
-6.310571662846762298e-01
5.150250864850274279e-01
0.000000000000000000e+00
-2.086777507440653601e-01
1.000000000000000000e+00
-6.243645304159881615e-01
8.946985302190402223e-02
7.758294042591193929e-01
-3.770448326139246298e-01
-8.865431825217842121e-01
-3.989297916634542140e-01
-4.379581660140638988e-01
-1.230427330620080806e-01
6.869717939418742425e-01
2.402609193619511530e-01
8.498297965405408050e-01
0.000000000000000000e+00
-7.341556888654336976e-01
0.000000000000000000e+00
4.779261643640007051e-01
5.223929139335821148e-01
8.800789331932028503e-01
3.406258492630200863e-01
1.000000000000000000e+00
-4.581669531819323460e-01
-4.757385840250181186e-01
-2.642733005530337742e-01
0.000000000000000000e+00
-9.269195838208821314e-01
0.000000000000000000e+00
-2.296490478761548104e-02
0.000000000000000000e+00
0.000000000000000000e+00
-5.186913732709468317e-01
-4.905491513895035016e-01
1.419031260244703052e-01
0.000000000000000000e+00
-7.795253787761542430e-01
6.110933052668978682e-01
-4.600634692911740320e-01
-9.245122437768644730e-01
5.907140238943902055e-01
-3.122611726098749596e-01
-2.633694532170129943e-01
0.000000000000000000e+00
-1.079351618199295704e-01
0.000000000000000000e+00
-6.956084040443188954e-02
4.025387475699657713e-01
-1.358481682743748475e-01
-5.467933928403017063e-01
-7.158248643190221472e-01
1.381992132156386610e-01
4.501164074200372234e-01
2.355536539057592194e-01
8.202089363858602322e-01
-4.609936504684730707e-02
-2.942511484061847149e-01
5.570040240492655226e-01
2.503732782015897218e-01
7.857006376209638709e-01
9.310144762295535781e-01
8.883340132336405848e-01
-6.928011180454585194e-01
4.228021496608358465e-01
-7.659010863691713134e-01
-6.638201408937700609e-01
3.936860667248485157e-01
5.307385418492960305e-02
-1.512098705457209924e-02
-9.275239678701374668e-01
-7.605657412781550164e-01
3.104780814316532300e-03
-9.505328655594369458e-02
3.506562983930507915e-01
-7.780603602124127605e-01
0.000000000000000000e+00
1.000000000000000000e+00
-9.175344004075902671e-01
1.000000000000000000e+00
0.000000000000000000e+00
-1.752559852906330207e-01
0.000000000000000000e+00
2.970588159439147002e-01
0.000000000000000000e+00
-7.299909098682173525e-01
-2.964943458571855928e-02
5.161824112864410452e-01
-7.821449249607275167e-01
4.301279715980694807e-01
5.283544747656976348e-02
7.250140592664948702e-01
7.461828098680767241e-02
8.668556001004312783e-01
-6.381372722197806713e-01
-4.692109962624553265e-01
-9.210013989440954951e-01
2.953430018435987403e-01
3.389990077921631872e-01
-9.718992740071032976e-01
-1.297145806020292280e-01
8.052977047063432092e-01
-4.776417338180192207e-01
2.633134544635935548e-01
6.730316216534975027e-01
-5.447061788136862148e-01
0.000000000000000000e+00
4.561596956635574074e-01
1.012495892308711287e-01
-4.288430513891947626e-01
6.617908143116510988e-01
-2.556100189826169267e-01
0.000000000000000000e+00
0.000000000000000000e+00
3.253033116182122431e-01
0.000000000000000000e+00
-1.783779486641305922e-01
0.000000000000000000e+00
0.000000000000000000e+00
1.160926016955747819e-01
9.715614200528199795e-02
7.819814189638099045e-01
9.171631173095828871e-02
-6.467529945198529084e-01
9.635697064300836612e-01
-2.410373130513279172e-01
0.000000000000000000e+00
-1.999846344626510231e-01
0.000000000000000000e+00
1.309711188391826653e-01
-5.672977706840884871e-01
-3.757791735506503805e-01
4.355343763475483243e-01
-7.658256083095873468e-01
0.000000000000000000e+00
3.603085334107354321e-01
4.119069706971447697e-01
-3.068419632707697353e-02
-1.824377985194964857e-01
-8.494209376166428349e-01
-2.696131577394058620e-01
6.830075276095632919e-01
4.410020924261845998e-01
1.937335949079601605e-01
8.896666993169066728e-02
0.000000000000000000e+00
-7.178197281158122944e-01
-6.868267460931016810e-01
0.000000000000000000e+00
4.079293140031658993e-02
7.642156080490343228e-01
-9.194591262977986901e-01
-2.347751683774095266e-01
-2.552070852220722497e-01
-7.238471340440826296e-01
-3.286605038809979895e-01
4.703425739817790330e-01
0.000000000000000000e+00
1.000000000000000000e+00
0.000000000000000000e+00
3.295479708777140360e-01
-3.546802330405784964e-02
-5.731172580749199774e-02
-5.385689163082885145e-01
0.000000000000000000e+00
3.266604346486174926e-01
0.000000000000000000e+00
-9.157694893273895520e-01
4.583344969592826335e-01
9.036264683239765283e-01
-9.878701721474136832e-02
0.000000000000000000e+00
6.442207509519779496e-01
-5.788588429434136096e-01
0.000000000000000000e+00
-1.769740280926392906e-01
3.398818770784122201e-01
-1.946074734904588155e-01
2.444682769128236899e-02
-6.313150480029892098e-01
-9.175225871107075548e-01
0.000000000000000000e+00
-8.612646967359591788e-01
-7.464770402126754689e-01
2.958726209050515088e-01
7.030172457830516919e-01
-1.527482031867921641e-01
