9.226292213950022525e-01
-6.665996098917634782e-01
-1.320003079932388079e-01
-6.836228085611275596e-01
-1.474866789876916329e-02
9.714196562290349224e-01
-9.656554472863179139e-01
-9.326064493296013502e-01
1.541883493742461919e-01
2.835892066928584754e-01
-9.729659268199202238e-01
9.568014426532016614e-01
5.866230045106666235e-01
7.653237748723866751e-01
1.814950630177358804e-01
0.000000000000000000e+00
-3.154169755077711468e-01
7.236260526315712038e-01
5.669763376586682835e-01
4.540031503315911099e-01
7.338803354667207124e-01
0.000000000000000000e+00
0.000000000000000000e+00
-4.272996368341424045e-01
-8.490294992159246323e-01
0.000000000000000000e+00
4.220580838714598215e-01
8.261061176027733044e-01
9.491093671629786677e-01
5.925328738403243811e-01
2.050252275359722987e-01
-2.572363956953744868e-01
-1.732959311610606790e-01
-1.766037095559112036e-01
7.723646663806000845e-01
8.807194454168754127e-02
9.808156578899738243e-01
0.000000000000000000e+00
4.608020994934594050e-01
6.589097854402390375e-01
8.870562538247228623e-02
-4.253872815219386094e-01
3.609912802194519266e-01
1.003503882813931991e-01
4.006757493985979579e-02
2.994557290108799119e-01
0.000000000000000000e+00
-9.947977387442115127e-01
-4.957976068589222685e-01
3.833662547397953535e-01
9.476570741708600920e-01
-6.212974502725487902e-01
6.589924812098537643e-01
3.349785420853717000e-01
8.396538049804420645e-01
5.455700453281493445e-01
-4.089646093426302365e-01
0.000000000000000000e+00
1.790043911705965218e-01
0.000000000000000000e+00
0.000000000000000000e+00
8.838684452776128797e-01
9.707943616688941013e-02
0.000000000000000000e+00
-7.991118517729167703e-01
-1.263222643686208180e-01
5.115712220910662023e-01
-7.417865626854203143e-03
8.834471032287183334e-01
-2.431473751049306742e-01
-6.914753427768745020e-01
2.480553120083288654e-01
-6.609459958845498306e-01
-2.555024670080112692e-01
-2.717621549627671218e-01
0.000000000000000000e+00
-2.503143566428287503e-01
-5.228334233940572506e-01
5.005129890276036608e-01
-5.051546929945229802e-01
-6.742893354952841367e-01
1.257315024913330248e-01
-8.988990949643242967e-01
6.194826406966713606e-01
-9.324511598526927791e-01
5.620237939445211772e-01
-3.436060977639421310e-02
3.189660262410072278e-01
-1.730216851257357913e-01
0.000000000000000000e+00
9.825160484506989533e-01
-1.733376125116437017e-01
3.212950119153390460e-02
-3.803199480275356592e-01
3.958789844276415781e-01
9.352766311539848498e-01
2.543913024817829882e-01
3.472313766558630110e-01
-5.514079058744318917e-01
8.603618005837074811e-01
7.980957692615002763e-01
-5.644111831268421309e-01
3.140301592831464816e-01
-4.720332244777907249e-01
-5.316545724895505032e-01
-1.713361061423235299e-01
4.928214764811333914e-02
-1.725455984921020480e-01
3.623841735003496822e-02
9.508501248490186519e-01
3.472737287320684096e-01
0.000000000000000000e+00
-4.933458941180546287e-01
-5.853736230974646571e-01
2.003789851666408772e-01
-6.633302011569648382e-01
6.055379522888668653e-01
-9.935235975599432390e-01
7.545024929758659127e-02
-7.619340227321460546e-01
3.321953222962372720e-01
-6.843724392668200096e-01
-9.873770489697946129e-01
-8.616643385984337211e-01
3.525364235182026906e-01
-9.437265241329129140e-01
-3.576535129011815251e-01
-6.516788320001378754e-01
3.386210053015772381e-01
-6.240208520014018934e-01
7.606515804085862698e-01
4.585519558221913261e-01
2.803201368724272946e-02
-6.160313765497988925e-01
-4.889858667240520873e-01
-5.505859721759835956e-01
2.659527044540419549e-01
-4.963065430757982455e-01
-7.526939310870901512e-01
0.000000000000000000e+00
9.307631382781487162e-01
5.525760645024013762e-01
0.000000000000000000e+00
-2.819488128836122875e-02
-4.863766486804383948e-01
1.801814367022032126e-01
0.000000000000000000e+00
7.087932629953686003e-02
0.000000000000000000e+00
8.101979495349660443e-01
-1.375621563545084136e-01
6.454023466536589204e-01
7.686767939163190455e-01
-4.878672035032571852e-01
-3.432165584118673785e-01
8.600546502662906878e-01
-1.965374681159544057e-01
9.436609976596128657e-01
6.814660732447519464e-03
-3.405925670250815607e-01
-2.660081613080682583e-01
5.120760553879701860e-01
5.342452849714869334e-01
-3.511790923901856321e-01
-1.355819123813077898e-01
-1.927643015547382266e-01
-3.171857592803670745e-01
-9.224822013709894630e-01
4.574646341243597814e-01
-2.606140145577191536e-01
-7.211763485709834498e-01
-9.299264767696968637e-01
8.986961339378554126e-01
-6.291512984714597856e-01
0.000000000000000000e+00
-8.572954786536812755e-02
7.522933453847289176e-01
7.096299299356167989e-01
5.068386587145787825e-01
6.031037564905616932e-01
7.225057579388878271e-01
-6.731247874632049211e-01
-9.599822918354536938e-01
-3.951772867158331870e-02
7.384713537807732209e-01
-3.905750666009026872e-01
-4.849737238401075068e-02
2.638856197538812509e-01
7.768296257312703457e-01
0.000000000000000000e+00
-3.527154695925067696e-01
-8.655805000818594941e-01
-3.088063430605283433e-01
6.093325139481886588e-02
1.901853507751298800e-01
6.750974233048909756e-01
3.445632172490691314e-01
9.500172329827478723e-01
2.618001401853919941e-01
-6.641087706795365531e-01
1.616702417667574831e-01
-2.699574908394903883e-01
6.870724244429444738e-01
7.215839950365643407e-01
-5.531539045382565245e-01
9.278615681814825766e-01
6.337335442789782114e-02
7.295214932878093528e-01
-9.138013197383370034e-01
3.426166679541304827e-01
-4.477711478402066625e-01
-1.794206333221148864e-01
-3.450032097795328045e-01
9.247763377576994070e-01
-5.640712247508503641e-01
-5.093157440562758875e-01
-4.937173865133144268e-01
-8.674425182467384587e-01
-8.616237811889215781e-01
0.000000000000000000e+00
6.907929372274068669e-01
-9.702270305440836573e-01
8.537491699394363920e-01
-9.717007570587850029e-01
-5.564297442244625636e-02
-4.635377592282583503e-01
-6.338554310813155901e-01
5.694167947748915992e-01
-6.310140107029833523e-01
-1.054969141091817164e-01
3.953392100185473268e-01
2.476354252120445132e-01
0.000000000000000000e+00
4.653760699435460779e-01
-5.809845555425412478e-01
4.002914944111024553e-01
-6.488233958233591281e-02
3.242546809283217701e-01
-3.387483747933186518e-01
7.641790658445879458e-02
0.000000000000000000e+00
3.015301806034342835e-01
9.689120608416403879e-01
0.000000000000000000e+00
0.000000000000000000e+00
2.573913451490030813e-01
1.644381925954334633e-01
6.046147730842355017e-01
-6.114216188098229310e-01
7.490302572029465811e-01
-2.622757130911137491e-01
-3.962065765657649674e-01
8.761299993661637586e-01
9.557319448400085626e-01
-4.282344572832517127e-01
-5.898169484901465420e-01
-6.488822245823626655e-01
-4.030684702380096240e-01
8.825627863047857957e-03
-8.291451187668523737e-01
-6.814607301106234694e-02
4.248013507333670002e-01
2.592755491075839913e-01
8.710454318898204207e-01
-7.813256000556560998e-01
