8.349201808188360108e-01
-6.643010565424680713e-01
0.000000000000000000e+00
3.880845558924093108e-01
-4.998770229921924990e-01
1.000000000000000000e+00
2.219644192624703471e-01
-1.606092927529341186e-01
-4.221122517646525019e-02
-7.744531559813265797e-01
-6.132286745627093527e-01
1.114993297635313851e-01
-9.448458845602736300e-01
4.589888025698125595e-01
-1.030695128382554948e-01
0.000000000000000000e+00
2.554686736548217318e-02
9.857009814013450999e-02
9.205129231961519665e-01
-6.295609075979917701e-01
3.725431265458558627e-01
-6.230117832161004010e-01
2.701809003341419935e-01
2.841484274732324344e-01
2.055256764316828466e-01
0.000000000000000000e+00
-6.415109989715483962e-02
0.000000000000000000e+00
0.000000000000000000e+00
-6.163660137430015951e-02
0.000000000000000000e+00
-9.571024137758645800e-01
4.599395699183872477e-01
0.000000000000000000e+00
3.853329857264977676e-01
-5.298360345524353310e-01
3.002041285858221276e-01
2.472666623104966543e-01
0.000000000000000000e+00
-5.490869658458428226e-01
-3.332060590670480327e-01
-8.441416526407550247e-01
-7.528826992495729620e-02
3.259695446912345140e-01
0.000000000000000000e+00
7.679701183884961591e-01
6.667985524952873000e-01
-1.347523904076224355e-01
0.000000000000000000e+00
-6.115440509592056095e-01
1.914360271771624600e-01
3.711334625546944821e-01
-4.327546414083804915e-01
-2.665365972390125737e-01
6.732839934681960070e-01
0.000000000000000000e+00
2.532920010045747183e-01
8.607744951638651720e-01
6.915296444794201136e-01
5.620152227571244552e-01
4.221643520498929991e-01
-8.851031638915880517e-01
-8.477291873411731959e-01
0.000000000000000000e+00
-7.307308748817766819e-01
0.000000000000000000e+00
5.284894587488799811e-01
-8.174161749113211251e-01
7.180013131331739462e-01
-3.150296635748608409e-01
5.684568165759331659e-01
-2.171600053795028629e-01
0.000000000000000000e+00
1.927838396125143294e-01
-2.287545200439569104e-01
-9.442318216226897043e-01
-1.916046085520697329e-01
0.000000000000000000e+00
2.746925462361673453e-01
-3.488906974911698544e-01
5.589515827939628423e-01
6.720644938732109885e-01
-7.471820808821791893e-01
-7.481281142462592459e-01
0.000000000000000000e+00
-6.449272515805657413e-01
1.512878867313294240e-01
1.000000000000000000e+00
-9.733414645720928071e-01
5.229458144380840778e-01
-2.655960836307948991e-01
-7.794457247069797035e-02
0.000000000000000000e+00
0.000000000000000000e+00
0.000000000000000000e+00
8.458720248695072996e-01
0.000000000000000000e+00
-4.289378935013425931e-01
-3.479320210001837221e-01
4.298098258201399346e-02
4.902191098190060714e-01
-4.306437601497679069e-01
-5.125491328275768588e-01
4.168800577282780750e-01
4.588627945938041908e-01
6.314296305179174507e-01
-8.562639770506905723e-01
-8.327984788159303875e-02
-6.531643570973810764e-01
-3.437926208423616181e-01
0.000000000000000000e+00
0.000000000000000000e+00
-6.359223746438664726e-01
1.000000000000000000e+00
-3.789030747203163685e-01
9.066455263081405480e-01
-8.428425625184507997e-01
-9.910482195964418484e-01
1.395017424271414175e-01
2.106699549746104960e-01
-2.501253607588007633e-01
3.061910065558892668e-03
-1.795784221916350010e-01
7.011115169762163202e-01
4.168119051277163756e-02
-5.892402689790443571e-01
-9.335515718373463834e-01
0.000000000000000000e+00
8.270224615937398216e-01
-1.013163495852635876e-01
-2.457710802571506647e-01
8.352883613288748510e-01
3.662628986464904202e-01
1.414933913707439039e-01
-4.152638780094797255e-01
-1.770786244022930500e-01
-9.139636958861832028e-01
3.921658807022510018e-02
-9.937528914090125731e-01
6.875711451686226106e-01
-5.523465433979859451e-01
-2.419095462952582931e-01
1.902931511695380440e-01
3.219686248149382646e-01
-4.497673380352973371e-01
3.448189335047304738e-01
3.116070153151033750e-01
9.716306250600692529e-01
-1.988305969991910338e-02
2.809053314523048961e-01
0.000000000000000000e+00
1.537958571851349987e-03
3.414862848990365407e-01
-8.804018645051403524e-01
5.179833790343286726e-01
-6.138544090814856968e-01
9.678852784538594101e-01
0.000000000000000000e+00
-6.843908062684940230e-01
1.000000000000000000e+00
-2.936774467461336080e-01
0.000000000000000000e+00
8.726367851105480966e-01
-3.584133072228057326e-01
-9.891648999827251654e-01
4.972002826963866084e-01
-7.520498336518894877e-01
0.000000000000000000e+00
1.932295966339625526e-01
8.135381547866500362e-01
-1.247258583565329371e-01
-9.461435320492386225e-01
-8.655436566712362279e-01
0.000000000000000000e+00
-5.578488230283193960e-01
6.387754504054357074e-01
6.473115793881678570e-01
5.119342005117075711e-01
9.557299274528048283e-01
-6.375383864941290835e-01
-9.951069912564043385e-01
5.078176131751859224e-01
-2.835929997679325076e-01
-5.033646935657931643e-01
3.898272957469626210e-01
0.000000000000000000e+00
-2.562417188344432439e-01
0.000000000000000000e+00
-4.620222312722053193e-01
-7.750409767967916252e-01
9.952595009280926774e-01
5.991512183146159298e-01
-1.901608401266632331e-01
4.797800549218327326e-01
0.000000000000000000e+00
-4.660141246648825675e-01
-4.104340799321204436e-02
-7.920449197755690118e-01
-1.788572860720665236e-01
8.168796781281306707e-01
-3.815486520254369740e-01
0.000000000000000000e+00
-2.946490095622018579e-01
-9.026333658418679295e-01
9.218332793052657070e-01
1.851559165479053082e-01
4.636091648804805398e-01
0.000000000000000000e+00
2.817360197437714930e-01
5.606425984495377879e-01
-4.735597789695813464e-01
-3.429167596585562805e-01
4.622075556356166626e-01
4.596929222539392068e-01
8.743485928374015170e-01
-6.233803348145867673e-01
-1.858007523148874629e-01
4.092029002669730353e-01
1.927447199254761490e-01
-7.140413958336695455e-01
-2.242711186814960733e-02
6.957888562226539619e-01
-7.865444421072316228e-01
0.000000000000000000e+00
-6.740536442540576711e-01
9.359885283300988235e-01
-3.460651091469200136e-01
1.098319038740729336e-01
5.637263741298537134e-02
-7.469451716514350359e-01
0.000000000000000000e+00
-5.716218566124602329e-01
2.987507864785297063e-01
-5.360131078739671651e-03
2.739150460424906175e-01
8.521384106394647162e-01
-5.700512220451283696e-01
-6.008903283819200247e-02
-9.574259655809356229e-01
0.000000000000000000e+00
5.588153533603703593e-01
3.052836059260317647e-01
-1.462355525888741070e-01
1.739850723837459423e-01
-1.269513178559928956e-01
0.000000000000000000e+00
4.533859875539394402e-01
-9.330446035317401243e-01
5.214186225682324594e-01
-5.342648899127317996e-01
-9.510322567015667694e-01
3.318063832728948004e-01
0.000000000000000000e+00
-8.448778694045451232e-01
2.498418913227515858e-01
-8.581927925206112029e-01
7.364414799808574053e-01
-1.384947366162425642e-01
5.322175349357327612e-01
-9.419378544400558440e-02
0.000000000000000000e+00
-5.575971181788492714e-01
4.036101498829209877e-01
1.936574426582500230e-01
-8.650030833282913445e-01
