7.086599268635782600e-01
-3.556841669092729585e-01
-8.337503281827132184e-01
-9.039240483662385195e-01
6.432561290132319254e-01
9.882677788226976734e-01
1.376456515249921964e-01
1.043834891475705628e-01
-2.210639355175685328e-01
2.620755273402965990e-01
-6.424932151856177498e-02
-4.178060333767081858e-01
8.293084524845473204e-02
-9.622531125948368125e-01
-6.103401823204488430e-01
5.589694659769297580e-01
-2.343961039636373034e-01
-8.670041574065667778e-01
1.162333127122554544e-01
-7.666900554419624481e-01
-7.683123469913972770e-01
0.000000000000000000e+00
4.264422190123271506e-01
7.463828258471685295e-01
-5.505668293254037948e-01
-7.254983680544024871e-02
-9.910675303704878925e-01
-6.603656886789948111e-01
7.167877799996413835e-02
8.005506729093807561e-01
-8.922663008683306973e-01
-9.200985327267519054e-01
7.386949121795602924e-01
7.659728748991381231e-01
-5.326910517471665774e-01
-7.798293747677842447e-01
-9.859252042151001039e-01
7.047447954065644282e-03
-2.736492666093472970e-01
9.893914932669902740e-01
-3.287878387641685052e-01
0.000000000000000000e+00
7.650345315680515679e-01
9.674070985004672441e-01
-6.158754695715931149e-01
8.404578647441907080e-01
-5.989550955054898651e-01
1.183978956013380657e-01
8.556918547590122159e-01
0.000000000000000000e+00
5.822015612423101505e-01
3.636890821210165825e-01
-9.052617149134472019e-01
6.787701879878562661e-01
-2.111186009389873774e-01
-1.257229710312102178e-01
-3.011967341120636021e-03
-7.126189130384337211e-01
-8.613640448575354824e-01
-4.729290070262124335e-01
-4.902981130172119340e-01
-6.088151136332076163e-01
6.446129875634463158e-01
2.374020595059969096e-01
2.336240923789147939e-01
9.991985127900626651e-01
7.495371023720220904e-04
-2.440650665907229122e-01
-1.753171408316605007e-01
-7.768382824149293597e-01
-8.241663764626243616e-01
3.176407609193523385e-01
9.315934988157554830e-01
-5.500874362795871164e-02
-7.512786377596283316e-01
8.798635322123522506e-01
3.981366614720616148e-02
-7.474673413032897340e-01
-4.535613688419415368e-01
-2.448820952008243790e-01
-1.067964558260772190e-01
1.322884723382329319e-01
9.845456073836633681e-01
-9.948681604745064355e-01
-7.835154839384552705e-01
-2.021624348617545586e-02
8.356900472925967716e-01
4.563642147591158160e-01
6.605604858105236232e-01
-9.917612612804556083e-01
2.219404510104479034e-01
-8.266859713732277459e-01
6.108248029787792799e-01
0.000000000000000000e+00
5.425531849092848358e-01
5.203860330532914524e-01
-2.717828757088092129e-01
8.271557857725948537e-01
-4.443373854034997628e-01
1.064140000496236471e-01
-4.625359659494183706e-01
-2.327383740848389948e-01
-3.244725261700076580e-02
-1.017561514673994694e-01
4.267171499787190125e-01
7.575421861388731415e-01
-1.410638127073502446e-01
6.695463588488663742e-01
-1.917091032367752579e-01
-4.185106018524540339e-01
-9.497020336078203506e-01
-4.981189251532267548e-01
-4.896887184503257995e-01
5.546539998966542040e-01
-8.672447917124292971e-02
-2.989474508947125297e-01
-5.414881485493117097e-02
9.283257057746343577e-01
3.551370775499793631e-01
7.430883144218343173e-01
-8.662743044879372967e-01
-8.933701543850380844e-02
8.446210318031905917e-01
4.159460244221873104e-01
-7.793396949753783609e-01
2.729968095663246608e-01
-4.122157167072668660e-01
2.485460342708252224e-01
-8.536119416869256682e-01
7.536456980475145784e-01
-4.208686652344491019e-01
1.862067534768272470e-01
-7.215830597321595263e-01
6.707541426660572625e-01
-1.965586354165504979e-01
6.377358237221109061e-01
7.093184673301093923e-01
-1.852420362956488376e-01
2.795585928018626820e-01
-1.927786297175024810e-01
-7.893389965243988726e-01
-3.220320457094798527e-01
9.883037963355822964e-01
8.850530119636439430e-01
-2.893223702079594783e-01
7.314570230396699735e-01
5.619315906984856390e-01
-9.860614020679587810e-01
4.049075585649857256e-01
-5.409170786639050377e-01
9.871761824173890254e-01
-7.190434502963480856e-01
7.908689436540901063e-01
-9.009752546578024823e-01
-4.015772813782736428e-02
0.000000000000000000e+00
-1.242456803097931051e-01
0.000000000000000000e+00
4.995924603226580274e-01
-4.794967795662008481e-01
0.000000000000000000e+00
4.324796499096834612e-01
-9.051610944031263095e-02
5.197317870579019061e-01
8.948751066288895828e-04
2.907401714654280767e-01
0.000000000000000000e+00
6.392667371003546428e-01
6.954083983340098030e-02
-3.644979730876443114e-01
-6.275298265549376087e-01
-5.242562579135636724e-01
0.000000000000000000e+00
-8.460113809590179557e-01
-6.469363327165635891e-01
9.653512171578779721e-01
1.904562540596799192e-01
6.512989134267639368e-01
-9.849705457517150542e-01
-8.544246448902153013e-01
-7.489556460362494228e-01
8.736399622041068902e-01
9.020742700344732690e-01
5.362570773690504833e-01
-2.513213120537645118e-01
-5.366989082553432766e-01
-4.541279248491081333e-01
9.730699438610732610e-01
1.667067120953067416e-01
-7.504118768831979924e-01
3.498276083984601659e-01
-7.762859119039076106e-01
3.814632342345052329e-01
-4.559936303639466892e-01
0.000000000000000000e+00
5.238080006635887909e-01
-7.520966549713272720e-01
2.781646907067270025e-01
2.730928348752303947e-01
8.265821965153017370e-01
-4.799162573010202770e-01
3.254615990697455885e-01
-3.941024237980885747e-01
-6.867468189184207095e-01
-2.045327509513037434e-01
-1.099936152400884382e-01
2.163029239919047608e-01
0.000000000000000000e+00
-5.073079370475916949e-01
4.237587543075029828e-01
-4.755823760463158134e-01
1.252505045650942339e-01
7.360856964095314758e-01
1.412702273982233692e-01
3.577649743825372930e-02
-2.910208730098484686e-02
1.847776520469772699e-01
-5.341566568045541530e-02
-9.388461333483848481e-01
2.482244164084101978e-01
-6.984017827292310354e-01
4.255656679244590457e-02
8.101716646911183428e-01
-1.690109053001744854e-01
-9.061991876105055521e-01
-7.726220073179526082e-01
9.217465625948348951e-01
0.000000000000000000e+00
0.000000000000000000e+00
-3.235704447834339970e-01
9.666058163195967445e-01
-8.088229128701904802e-01
8.006774347811040915e-01
3.675190588156465044e-01
3.119110955462025547e-01
-3.346265433582917836e-02
0.000000000000000000e+00
-7.277511746413785065e-01
-9.386939920950558847e-01
8.373994744493429288e-02
3.506575395438036313e-01
1.338042972790300933e-01
-7.128473688925931473e-01
3.398010206320243309e-01
-5.694041666821088032e-01
-4.700864460646121401e-01
-3.730399371961541366e-01
8.179783600388905729e-01
6.001740246079902974e-01
-6.692964962943059870e-01
-5.396265070282519893e-01
-7.490697500300242950e-01
3.773556481685000907e-01
1.462478530247124375e-01
4.603985958586713778e-01
0.000000000000000000e+00
-4.213017323925489777e-01
7.138713623258268193e-01
8.203953388885578679e-01
-6.336741869288042839e-01
7.767032920375622762e-01
3.129379747602663020e-01
-9.318558463873103381e-01
3.006768078944237477e-01
1.069754652427361563e-01
