-1.052267673179216878e-01
-3.125555229433205628e-01
8.829327096407157960e-02
-7.572220086374104042e-02
9.930842175732639276e-01
-1.136315924392494736e-01
8.515625436926443914e-01
-3.616618542073402054e-03
-8.433412178487251776e-01
-3.158584475259358371e-01
-8.957502648989357219e-01
9.478037782300687830e-01
-5.390568813863063635e-01
-9.676153760859640407e-02
-8.518801878216106793e-01
7.920041247176252686e-01
0.000000000000000000e+00
-7.528194269615580136e-01
4.630488695361987261e-01
2.591241773015713346e-01
8.609518491787393479e-01
1.628939300952176872e-01
-5.351412264170789523e-01
4.906092496256670987e-01
7.560044575281994472e-01
0.000000000000000000e+00
-8.994615445904385886e-01
0.000000000000000000e+00
1.652663668342713166e-01
-5.429138324560711659e-01
-2.215374114445083364e-01
5.670926721721936126e-01
-1.593682549051738118e-01
-8.976886208044325688e-01
-5.808949984451521331e-01
5.458806400707953976e-01
-5.699744866000289178e-02
8.789520779032102826e-01
8.711851386015398990e-01
-8.968735947917969575e-01
-5.947331481544477771e-01
7.261774638768809798e-01
-6.551134827009819084e-01
0.000000000000000000e+00
-1.351738662662100854e-01
-1.853805796542706830e-01
6.144171315491151475e-01
-7.294261931251375675e-01
-9.113123875876858460e-01
0.000000000000000000e+00
0.000000000000000000e+00
-1.182757999473018629e-01
1.991408002311914061e-01
6.841630371253870635e-02
-1.653852532905699668e-01
6.422520736357126836e-01
-6.693190670560678068e-01
7.304571670830217744e-01
3.642490732480951898e-02
9.548069528364371283e-01
0.000000000000000000e+00
9.948832429037195446e-01
4.408438476746179280e-01
8.328915579364006838e-01
1.825476207982981158e-01
3.504441528803818873e-01
-6.359897815017627742e-01
5.193635552592956728e-02
-7.019032134499136877e-01
4.694718868277245605e-01
-5.598947244720431371e-02
3.228066240258580244e-01
4.981522085840051073e-01
-4.024126103848777447e-01
-6.292226101528912707e-01
5.657775305038210689e-01
1.113956139225840136e-01
-8.817128375272600405e-01
7.077903014450062091e-01
-9.801928079972090924e-01
6.322773280843576593e-01
-1.680555330864692554e-01
-1.405280994675159878e-01
9.812455574432592531e-01
9.356369082954465455e-01
-3.141306871273634727e-01
-1.112565704939834088e-01
-4.063454118361788936e-01
-7.511910934371095472e-01
5.145999112446975055e-01
0.000000000000000000e+00
0.000000000000000000e+00
5.274749815063484171e-02
2.665695362975590843e-01
-4.735520713257890257e-02
-7.429025228143586457e-01
9.567895953560827671e-01
-9.373321332732673650e-01
8.021330816197180802e-01
2.174818175351811433e-01
4.955483028648277610e-01
6.074979558647324307e-01
-7.715524864715075370e-01
5.077181111616699827e-01
-6.937540676916265081e-01
-6.643051321985882218e-01
5.883477924176527818e-01
3.679468321685308574e-01
-5.164490657623521663e-02
9.803700590669943704e-01
7.532370671638142223e-01
9.402476620418767084e-01
3.132460249372563954e-01
4.603616546903177564e-01
4.134078065122674950e-01
-9.561946305728448170e-01
3.912150501928062241e-01
8.383807174801765072e-01
0.000000000000000000e+00
9.832367497827958491e-01
8.641203235711003572e-02
9.510083122582109194e-01
-4.828095169358685990e-01
-9.343912840677148779e-03
-2.966240063594156595e-01
9.983412707877519221e-01
-5.634918992539488247e-01
-6.161553532071053496e-01
-2.624154762345141112e-01
-2.938567473128270713e-01
9.753674562142060633e-01
9.579544835689599580e-01
3.754307621391710370e-01
-6.651067922958309175e-02
-7.741916941693423038e-01
9.987627917032146918e-01
3.639568285527345903e-01
6.745906252128341940e-02
8.603475419576709360e-01
-5.616095240879410699e-01
0.000000000000000000e+00
-3.834909471977701045e-01
-6.550232449902224641e-01
8.296731668509678137e-01
-3.995611116724131495e-01
-8.589650126266918928e-01
-2.530702228729688752e-01
-9.968788554659833157e-01
-7.974639485447514442e-01
-3.685376042521080198e-01
2.298502333361618355e-01
-8.701756219944341009e-01
1.354255289839414456e-01
-1.059299084175795436e-01
9.130301216649050478e-01
-1.225237135630936613e-01
0.000000000000000000e+00
9.747656478524087120e-01
6.426032683265374690e-01
-6.258817096551962944e-01
-5.103747779161835751e-01
-7.959931146119147982e-02
-2.078261332508812842e-02
9.740468489419451537e-01
7.284150580931594288e-01
8.143092028848331054e-01
-9.047272701679567319e-01
4.601776745778320965e-01
-1.125093473215992290e-01
6.760988178748752464e-01
-6.699443942205129954e-01
6.934532351412330264e-01
1.126307835822508707e-01
-7.921526688222328971e-01
8.297421432825746734e-04
7.610776083461552322e-01
-1.823891240662789404e-01
6.564412486776032285e-01
0.000000000000000000e+00
4.767908461430117040e-01
1.910849176649545011e-01
9.054399072340537646e-01
-1.834524957877592399e-01
2.468281115561972161e-01
-8.322255362025119396e-01
-7.078175944879518955e-01
-9.721940334969434439e-01
-6.663823516888127685e-01
-6.873829810482035008e-01
8.523984259079193659e-01
4.096340578549855227e-01
3.403671892521191733e-01
-2.199530853386866269e-03
-8.232626420646402821e-01
-5.549852860227417750e-01
1.110321975383818938e-01
-5.984597164697667004e-01
1.058670208959906489e-01
0.000000000000000000e+00
-1.132396928247609846e-01
-9.362880300382048215e-01
-8.673639363639273903e-01
-2.475054794520956669e-01
7.848229905862802447e-02
-5.151095547331616675e-01
-9.335791174199161713e-01
-8.817971599391860593e-02
3.609172125712207801e-01
1.434818673030500147e-01
-1.248876379735714970e-01
-8.202493968449873218e-01
-1.896620136687623415e-01
9.501174866275716724e-01
6.281696874135220821e-01
6.864958404629903921e-01
0.000000000000000000e+00
-6.728532311338959460e-01
-1.232005517368126579e-01
8.409004621056868078e-01
-8.569747420521784953e-01
-9.705377267862953516e-01
1.113658479289914016e-01
5.650869225895014392e-01
0.000000000000000000e+00
-4.512807020873921271e-01
-8.833909265606734174e-01
-5.769511800128697132e-01
4.970869992667439341e-01
3.809018482176900200e-01
8.952272866145774000e-01
8.405007659241259255e-01
1.083841224023849303e-01
8.303455915427411238e-01
-8.127886307288310075e-01
-8.019330498603129964e-01
-2.542659683842207752e-01
8.081022697024824453e-01
5.134081086639081803e-01
-6.670694102200036557e-01
8.621959472870743824e-01
-3.729545177537794132e-01
-9.170045132490869388e-01
4.900318562865879635e-01
-2.052167982615171749e-01
5.428180080214801695e-01
7.407823066145402535e-01
-4.128235345921473787e-01
-1.109294532189113447e-01
-8.284940857671578840e-01
-3.223100270722507599e-01
-4.165368092132168965e-01
-6.877487967731765739e-01
-3.771677414552538909e-01
3.280622893501707882e-01
-1.789071570489375596e-01
3.122873787880251495e-01
5.733429104522032027e-01
-5.446731016817967230e-01
4.298672154337117579e-01
8.377746547355480189e-01
0.000000000000000000e+00
-9.956270381014469262e-01
-8.568707746788717383e-01
3.402977625746235191e-01
-3.847876664670035751e-02
