2.438569240030312724e-01
-6.533747964019509524e-02
1.265306662067597898e-01
3.958554443130941625e-01
9.211032956018010420e-01
1.362170002541116531e-01
9.539064938843468955e-01
3.025652191960115367e-02
-3.904994372259251723e-01
2.324256137340996453e-01
3.448022904984873183e-01
8.307513908488972643e-01
-6.249061977993359829e-01
-6.308412922836879044e-01
-7.031162932541674682e-01
0.000000000000000000e+00
8.815409941813832084e-01
0.000000000000000000e+00
0.000000000000000000e+00
-7.076981604368182133e-02
-3.172622683157344525e-01
0.000000000000000000e+00
0.000000000000000000e+00
-7.997151346872577449e-01
-7.380488354212413338e-01
1.591019907124759936e-01
-5.019186571975737809e-01
3.074048321384934557e-01
-7.087126976493125508e-01
0.000000000000000000e+00
8.035511517245437219e-01
9.783174165174657322e-01
6.251744211528382777e-01
0.000000000000000000e+00
-9.529031371210170409e-01
9.155576776887073276e-01
-4.036051990825071378e-01
0.000000000000000000e+00
-9.822193077503666991e-01
-1.894605357110501487e-01
-7.622113957276113183e-01
8.070039503517354440e-01
7.833264955461005652e-01
3.023768233923076476e-01
9.036402678090289520e-01
2.859440765577716537e-01
0.000000000000000000e+00
-5.620807691488318714e-01
-1.218416862829658776e-01
3.435889846637045775e-01
-9.918674739108761518e-01
0.000000000000000000e+00
6.749999859885669196e-01
-2.731286373942849455e-01
1.000000000000000000e+00
-4.716344257636937431e-01
4.646879708271498544e-01
5.229132779770730988e-01
6.422092559720362637e-01
0.000000000000000000e+00
-6.211359515680954235e-01
1.668520890523075284e-01
-3.246850912845105075e-01
-6.047172698585145945e-02
-3.899455932056905549e-01
8.356849750822004097e-02
9.527470974895957401e-01
3.915391284134330796e-01
5.867585556167587146e-01
-4.777654778246269718e-01
-3.721181819409580260e-01
-4.926372345051412971e-01
-9.100535955935982191e-01
-6.640871429200232434e-01
-2.447312349420760480e-01
-8.784888365321568138e-01
0.000000000000000000e+00
3.362567445262774068e-01
-5.893046356698850019e-02
-6.389369971219454047e-01
-6.659630822441080511e-01
7.368738660210758518e-01
1.716373325309694664e-01
7.041050979198701931e-01
8.973834628593218010e-01
-7.731143976334673429e-01
-4.184026397222968541e-01
-2.386392962136683060e-01
1.610354799873339182e-01
4.881531465162511907e-01
6.000682088561932748e-01
4.518461423948143540e-01
-1.700425749888259119e-01
-5.166040529675397508e-02
-2.598975068069206973e-01
6.703951349908039425e-01
-3.574210344848305354e-01
-8.040675370183516524e-01
-1.203868883210525986e-01
9.382240725436643558e-01
-3.546895141568873200e-02
-6.699013501196526832e-02
5.545268497622108939e-01
0.000000000000000000e+00
2.744792621574276836e-02
1.151720073424500335e-01
0.000000000000000000e+00
-7.425119878630490611e-01
-2.145458442434053925e-01
-5.242821802068575732e-01
8.206296337098228921e-01
-1.911226580724760815e-01
0.000000000000000000e+00
-6.091050502691184310e-01
-9.223356114227443392e-01
1.939781734788608158e-01
-5.660057198177996796e-01
8.762288935136766099e-01
0.000000000000000000e+00
9.183296712606823231e-01
4.609670723986654117e-01
-4.081834131449308956e-01
0.000000000000000000e+00
0.000000000000000000e+00
0.000000000000000000e+00
-2.466343428710786601e-01
3.196424089560374604e-01
-4.664809789195139000e-01
-2.598318538216486395e-01
7.336468689731989734e-02
4.277694240511342727e-01
2.095229628639330155e-01
1.246511587346583738e-01
-3.260081714618934257e-01
0.000000000000000000e+00
-2.294996220055585123e-01
9.178530046887982685e-01
6.201458027819166663e-01
-3.853379110574155497e-01
5.111836281171555640e-01
-8.093997734634521546e-01
-8.670757474447037261e-01
4.328615950608440954e-01
9.256663152265076633e-01
4.415041460732356260e-01
-5.323510429051336867e-01
6.042766784951483228e-01
2.176000775902462436e-01
-2.013758708885335924e-01
7.910331251896285387e-01
-1.720296913689729479e-01
-2.993955356224677899e-01
5.800897246470901880e-01
-5.725814484757483225e-01
8.562205199059564897e-01
3.387671715407056805e-01
9.373510838651657462e-01
-2.840254321665383053e-01
-7.996645760840142003e-01
5.488823209710069762e-02
0.000000000000000000e+00
6.715759574432218493e-01
4.465237889501512125e-01
5.463233616363663003e-01
-9.629956575179243750e-02
-2.911543347338807486e-01
0.000000000000000000e+00
9.508961633324397589e-01
-5.934980891591701280e-02
6.491221009464576142e-01
-6.479836061753803111e-01
7.147732978818763794e-01
-3.833914791990411519e-01
-5.657545303394488911e-01
8.700604889796024199e-01
-2.469160272148345214e-01
2.400445031416909014e-01
7.823027485203137843e-04
-4.242732710660555018e-01
8.131792633362044942e-01
8.538140617395626464e-01
6.281100335677496371e-01
2.661637264851091089e-01
7.601100798777424838e-01
-7.413096344173457641e-01
-5.139982943341381283e-01
9.293636187939480209e-01
-7.511527746030337571e-01
8.600244039509141736e-01
8.579595722428314808e-01
5.774950476139188993e-01
1.379141912849910501e-01
7.634573984836621197e-01
1.952219653508266983e-01
-6.106731953428481408e-01
-1.708933085428214760e-01
7.388410346284148833e-01
-7.108468634138367381e-01
-8.933708055185070052e-01
1.555763607311466679e-01
4.848286558624885778e-01
-8.985192361742329048e-01
0.000000000000000000e+00
6.087378000522736254e-01
6.452584701157981772e-01
7.754911283236511910e-01
6.710772538278160226e-01
2.947691987885545650e-01
-3.166492972505270398e-01
-6.975677698308686558e-01
-5.355180470848532881e-01
-7.669102646907299814e-01
7.474715067435937499e-01
5.842966259221549219e-01
-5.000474449704350732e-01
3.081329266187085025e-01
-6.944622263451249999e-02
-9.783835325002214756e-01
-3.688214990914473468e-01
-2.177614402456513609e-01
4.721884674788698888e-01
-8.003117529812842079e-01
-7.348272170826872784e-01
8.615386485762235314e-01
3.523045471423464914e-01
-7.283779903042919557e-01
2.330460259902158437e-01
-6.459630628718882051e-02
6.894439746822613735e-01
7.458985407603080375e-01
3.275989810897466104e-01
8.322632037557124995e-01
7.662823444664845773e-02
2.851622473534705104e-01
0.000000000000000000e+00
-8.928406274035460832e-01
-1.038759027037228222e-02
8.802323906943168019e-01
-5.801900734578249175e-01
9.048790954327410319e-01
6.976980393303979788e-01
-8.033391680053132422e-01
9.149696433535812190e-01
-7.352158991421402501e-01
-1.509686188157106645e-01
-4.742172280437080278e-01
-4.539425673383845616e-01
-2.593118625740087335e-01
5.033981188871097245e-01
8.634606597002791872e-02
-2.897930395757595257e-01
-7.579405157490493039e-01
9.869043305069085115e-01
-8.806903833856571939e-01
-9.077589813112498796e-01
8.908088615107276897e-01
-4.690034005805396866e-01
6.610450371559219995e-01
-6.163924941336769159e-01
7.516632759663022245e-01
-3.207694131513187941e-01
5.777946100989228562e-02
-3.160431994160233238e-01
0.000000000000000000e+00
-8.071111330133942108e-01
