7.594007685003310026e-01
3.387595430466985302e-01
-2.751217996945392041e-01
0.000000000000000000e+00
4.187700634747566486e-01
-5.293910855032171181e-01
1.550164977425367852e-01
-3.769506498602503974e-02
-3.306429227171043816e-01
-2.484933833199141073e-01
-6.864820793331372073e-02
0.000000000000000000e+00
0.000000000000000000e+00
8.317552778833015026e-02
-6.266430984149753414e-01
-1.569812393872467293e-01
0.000000000000000000e+00
-8.248370022336370955e-01
-8.564761622351628745e-01
3.857049976207593822e-01
5.031689946148436565e-01
2.877506627007861972e-01
8.396906463036122314e-01
-6.225597428988953741e-01
2.673863230453563666e-01
0.000000000000000000e+00
2.006327146441022613e-01
6.263293683118806854e-01
-9.834641690522469837e-01
-3.878672908760338878e-01
-2.150902831053440600e-01
1.807811348828698428e-01
-2.132577050470674251e-02
9.354403101390262876e-02
0.000000000000000000e+00
3.050273394407039262e-01
0.000000000000000000e+00
-8.658875854614660472e-01
-2.091009543825312900e-01
-4.338296605304994280e-01
0.000000000000000000e+00
-3.786008962112246135e-01
0.000000000000000000e+00
2.824896423811542601e-01
9.603618653257008919e-01
-5.256284020074755148e-01
3.891556881190951778e-01
-2.676737314783503852e-01
6.253174912594408053e-01
2.462186151295875369e-02
-5.644281134659363541e-01
-6.871493720911492353e-01
1.799570632348370669e-01
0.000000000000000000e+00
-6.712067149208245098e-03
1.229854364330744687e-01
4.706428749107529619e-01
8.982315770643554131e-01
-6.197010442561989851e-01
-2.236750602800510190e-01
-1.442177987620845148e-01
-6.976595890786410070e-01
0.000000000000000000e+00
-8.651000568710605076e-01
2.014996213579300921e-02
1.761613658451750553e-01
2.793935468512276366e-02
-4.325120349415747523e-01
0.000000000000000000e+00
-6.837275462657501635e-01
-8.776245708037204718e-01
0.000000000000000000e+00
-6.423195085212962674e-01
8.688841651352119388e-01
-4.643252972020845970e-01
3.152969709408437460e-02
4.631409676997457758e-01
-7.354454686832920807e-01
8.334683287047595091e-01
-1.495981016904013305e-01
-5.663334521877665395e-01
-8.101178711404415367e-01
-4.449271576738615952e-01
9.632105616941237791e-01
-9.216780459607649689e-01
-1.268422769781807347e-02
-9.974521184943880847e-01
-9.029378431516410508e-01
0.000000000000000000e+00
3.066388768525456499e-01
-4.905848203917473338e-01
-3.203647651240959515e-01
-3.797968195404608505e-01
0.000000000000000000e+00
9.746799987187511061e-01
8.848126807532390448e-01
-9.155734334363032634e-01
-9.460752959421678820e-01
-4.743435212861470962e-01
-3.581667211158658937e-01
-6.076443919411103067e-01
-6.306976792775753626e-01
-9.912266550591231073e-02
0.000000000000000000e+00
-4.258854676401566675e-01
-7.813247240031002683e-01
7.636534773426051359e-01
0.000000000000000000e+00
3.088360159004845951e-01
2.285853375599700144e-01
-4.911674214799888194e-01
5.885420466608510814e-01
4.061615962080247222e-01
-9.427976220009035568e-01
5.802111494673225511e-01
0.000000000000000000e+00
-5.083243704518511930e-01
4.082338787208141806e-01
-7.190443458767716844e-01
8.999478769384825494e-01
4.615699014390555188e-01
8.982411369473906060e-01
1.880395646846484414e-01
-2.410533346218235451e-02
9.912898805222805088e-01
-4.469996051350044741e-01
-1.078590712769567084e-02
-3.694606223245344712e-01
5.181546918988817474e-01
6.724652368049992557e-01
4.234596036681133047e-01
3.445384080220332823e-01
6.666688316736246733e-01
4.856347868747024066e-02
2.921380707564673607e-01
-7.944316313745443114e-01
3.511927178960405627e-02
-9.552197339009298460e-01
0.000000000000000000e+00
-1.185828453722130860e-01
7.682200452179699379e-01
8.559400644967884997e-01
-9.039340602072623021e-01
-7.234951818488799535e-01
2.156187790275785332e-01
-5.444913259139139150e-01
-4.583627637440610414e-01
0.000000000000000000e+00
2.715121087286549439e-01
9.548662366292985926e-01
-3.675829975965501095e-01
8.617746698434645136e-01
3.171446162032003357e-01
-9.127730081157641173e-01
-3.348500766380080318e-01
-2.564202519411551418e-01
4.682380045442711136e-01
-2.627225174671716790e-01
0.000000000000000000e+00
7.462138811620497858e-01
-3.357620001432146672e-01
-6.765290286004632669e-02
6.591313380000034527e-01
-2.099644337527264426e-01
3.460036028779838180e-01
-3.874080828368255958e-01
-4.281730119078075436e-01
-1.176699400841751952e-02
-5.089595570345899489e-01
-7.982720588122733663e-01
-2.405798918741670622e-01
-1.265018222859664032e-01
5.284010138922992095e-01
-7.713243150640847201e-01
9.421157995046749445e-01
-2.754446319358399009e-01
-6.570005566810999120e-01
0.000000000000000000e+00
5.553904382548182639e-01
-4.502832307214339469e-01
-1.578412906413064754e-01
-1.156143089037466876e-01
-2.478133856481634645e-01
0.000000000000000000e+00
-9.093880562333733764e-01
3.905396084837733373e-01
-6.353638380186938939e-01
-8.373838805684532538e-01
-2.051623251703105222e-01
2.023217450181751254e-01
4.169893221343137224e-01
2.605695171570736601e-01
3.677139505518718376e-01
-2.639399483028632698e-01
-3.638509651131727196e-02
9.721679726493612783e-01
7.311502811098227195e-01
-1.017167982932989378e-01
-4.843088428573552040e-01
9.384231204641180213e-02
-5.054411530785696272e-02
0.000000000000000000e+00
9.101152335522468828e-01
6.174058586970374574e-01
-2.868545886311384407e-01
-8.557640549167515598e-01
-8.141731864758017245e-01
4.062687703394214367e-01
-4.194761076249315934e-01
-5.054214080764614092e-01
-5.972472870891487595e-02
7.714767519566585463e-01
-6.551219304193822701e-02
0.000000000000000000e+00
8.615854201179444782e-01
2.371572936217121175e-01
9.427207634179519680e-01
-1.168164590661300295e-01
-3.577317200995810964e-02
-1.325586612729554581e-01
5.741861557869065713e-01
-9.728059990635840037e-01
0.000000000000000000e+00
2.638115533072928898e-01
-9.347215563918165326e-01
-4.156250398757688203e-02
-8.696074527572661417e-02
8.840553206345693749e-01
8.727417542321900257e-01
-4.270379694609742760e-01
8.253138334943626031e-01
8.255109652046808133e-01
6.181075331608669732e-01
2.044219889512548516e-01
8.008969894160749003e-01
-1.669259569532455245e-01
3.879940552741070192e-01
9.234227000765620197e-01
2.076600425640080516e-01
-2.315752494821692320e-01
2.839986369969997870e-01
-2.971606665648902634e-01
-7.791322984585207223e-01
9.821912742640801497e-01
-6.288143848918079648e-01
-6.491968176685516401e-01
2.395074149596034818e-01
4.387518628433761947e-02
0.000000000000000000e+00
-6.045311117429661429e-01
4.540909272001940611e-01
8.515494557806368991e-01
6.271196190683874239e-01
-5.444097623317061263e-01
3.710220660294067940e-01
-6.047267255371946426e-02
1.035341246859948772e-01
0.000000000000000000e+00
0.000000000000000000e+00
8.458269401849818347e-01
-6.846917245920869366e-01
9.439672554161349094e-01
-3.021970162868625742e-01
3.122173145191919907e-02
8.026871043688676988e-01
