-5.382841022935471731e-01
9.219307210051899126e-01
-4.770927554381401148e-01
4.333870043759917579e-01
3.228553366493820409e-01
0.000000000000000000e+00
-8.031861532979567286e-02
-3.919240006846356206e-01
-3.672515751603691037e-01
4.168368182725084026e-01
7.807462721955316098e-03
-6.084336382691393208e-01
-8.095896972641194456e-01
1.416635355893849368e-01
6.911676099273649232e-01
0.000000000000000000e+00
0.000000000000000000e+00
-9.467053290109974650e-01
7.601406513825195166e-01
2.667485675068799189e-01
-9.720688120723042225e-02
-3.567894652304699488e-01
-8.298057364931061830e-01
0.000000000000000000e+00
1.932223364590752723e-01
-1.290330247065223368e-01
-8.537653312544435380e-01
6.027707744380519372e-01
5.567026071068643667e-01
2.959877588012966854e-01
0.000000000000000000e+00
-2.691266331279007495e-01
5.795936303058224492e-01
1.492828144814681846e-01
5.388468056935955541e-01
5.106855217038954731e-01
4.452473233399982799e-01
-7.475582143285139924e-01
-1.310265437739859262e-01
1.827285224057817459e-01
-1.005832057091824439e-01
6.879189100726310624e-01
-7.241557092163874998e-02
1.020528794952904050e-01
0.000000000000000000e+00
-1.918562100123291092e-01
9.751892903325338757e-01
9.650422730878875921e-01
-8.700084350290882007e-02
3.312193685932784959e-01
0.000000000000000000e+00
-4.947543113071384280e-01
-2.036055230950695183e-01
7.654570465178340832e-01
0.000000000000000000e+00
2.816965599518281849e-01
1.864360578573960314e-01
2.781679487141885954e-01
-6.777380437311870676e-01
6.209866830653967273e-01
-3.524274081997440522e-01
0.000000000000000000e+00
0.000000000000000000e+00
-3.472003400758354452e-01
0.000000000000000000e+00
0.000000000000000000e+00
-5.732836463621504564e-02
8.794935523600762028e-01
-9.105557714574352701e-01
0.000000000000000000e+00
0.000000000000000000e+00
-7.487185923637742491e-01
4.040137685838751658e-01
0.000000000000000000e+00
7.495814548716566161e-01
5.758779341353406078e-01
-1.434002034685275540e-01
3.467784240707418864e-01
-8.552851849647635785e-01
3.319948398825467439e-01
2.145989644153212250e-01
8.982125749621363564e-01
-5.337834952471762762e-01
-7.875862565215066002e-01
8.806727459735272934e-01
-1.081389514799808715e-01
-1.774738847978589718e-01
0.000000000000000000e+00
-2.181444022177039255e-01
5.518964816912337312e-01
0.000000000000000000e+00
9.414090190118460377e-01
-6.513289112046296570e-01
-8.251075653820667544e-01
0.000000000000000000e+00
8.275566167187782263e-01
9.061790610787447964e-01
0.000000000000000000e+00
9.851491870100692605e-01
1.695148615305859252e-01
2.038382624507033558e-01
2.472685529466507326e-01
3.760551465179617914e-01
-7.405455727962551027e-01
8.680356433304783348e-01
-2.673838263223839995e-01
0.000000000000000000e+00
9.733368776908137843e-01
-6.199435654877003543e-01
1.289743585418168248e-01
0.000000000000000000e+00
-2.167409928163277488e-01
0.000000000000000000e+00
0.000000000000000000e+00
5.067907900816268629e-01
-7.755596473202606145e-01
1.475087771080916266e-01
2.805175141701345964e-01
0.000000000000000000e+00
-8.380858222339531149e-01
-8.675526424964039585e-01
-3.962966485501602243e-01
2.259017069595246063e-01
6.727673399605407223e-01
7.366826950205611624e-01
4.666025876963517671e-01
-5.146368924921513877e-01
6.390747769119848876e-01
4.298179246099655959e-01
-7.591825476730809097e-01
5.282317111478840310e-02
-8.024729953518547898e-01
2.856604847930768187e-01
-4.064349395125752551e-01
6.716251992003634541e-01
-5.643789981687588053e-01
2.387258795468794048e-02
9.000253682977494840e-01
7.921620434473310990e-01
-9.642485721394931097e-01
-5.562277801085739881e-01
1.111631567947644061e-01
-4.577224974687874592e-01
1.645766949844817972e-02
4.290188656597515582e-01
-6.992540607535895347e-01
4.427084473770670492e-01
-6.822460345388465797e-01
-5.154078920062330482e-01
0.000000000000000000e+00
-9.287657534580346930e-01
-4.654678050360117059e-01
6.055522974479154996e-02
0.000000000000000000e+00
-6.138446620809896448e-01
-4.146663535852859184e-01
3.695944285712258193e-01
-2.880865484014136779e-01
-9.145831565613931069e-01
2.781343211715812114e-01
0.000000000000000000e+00
-4.376639175997376618e-02
6.463441368451336988e-01
0.000000000000000000e+00
6.676657065298892135e-01
2.320740432988508406e-01
-6.313889402070804735e-02
-3.936362742339305498e-01
-1.307795444142325625e-01
-8.564105242229094195e-01
9.510492930478242624e-01
-9.720344104893878789e-01
-4.738996445403582669e-01
4.172598523111121782e-01
-6.244553523197211575e-01
-5.070494933704705609e-02
4.421068732807382773e-01
6.360691828447235796e-01
-8.004956300759127341e-01
-3.884453343901752564e-01
9.678268112132206724e-01
-6.025322421488210622e-01
-7.517362593834584494e-01
-9.233679780814287863e-01
5.304130778161926241e-01
0.000000000000000000e+00
3.153467032456782615e-01
4.905796601960046299e-01
-1.167958517233862459e-01
3.572694312914683756e-01
3.403326713003365089e-01
7.979666973899111060e-01
2.216339041832759982e-01
1.485758963178933634e-01
5.941673414405665987e-01
2.636269948952210118e-01
-9.789104944354016791e-01
0.000000000000000000e+00
-4.407351172938993589e-01
8.267620607702905744e-01
-8.423624653522054917e-01
2.176002365229492419e-01
-8.146888573933330768e-01
1.565790904298964836e-01
7.033264755777670629e-01
0.000000000000000000e+00
5.296167556166115897e-01
1.000000000000000000e+00
5.114204768955099567e-02
0.000000000000000000e+00
0.000000000000000000e+00
0.000000000000000000e+00
6.366855730837370775e-01
-2.914683280371279661e-01
5.797817000561271694e-01
0.000000000000000000e+00
-5.309234556328239485e-01
6.163363133515049608e-01
-2.273814622262317897e-01
4.215749594443531922e-01
-6.756049510469874786e-01
9.338301858815558631e-01
0.000000000000000000e+00
-7.248260161149766567e-02
4.667330834866512124e-01
0.000000000000000000e+00
-2.885737627222286772e-01
1.262720818283937785e-01
3.884677504108995372e-01
-7.245655208850017015e-01
-7.804288976564270897e-01
-4.462021815496171051e-01
7.196514400879789886e-01
4.600569589248559854e-01
5.594689866223765407e-01
-5.777597921141530701e-01
-8.339362541063644052e-01
5.733313247068576590e-01
4.443221764179106081e-01
-8.838144509373446756e-01
-2.539410116291285213e-02
-4.549624823375835181e-01
0.000000000000000000e+00
3.936344962648978818e-01
6.169829449467867377e-02
0.000000000000000000e+00
-1.860866385719786020e-01
-1.737931541958674941e-01
-8.874055231589010884e-01
-9.627034501879669914e-01
-3.159688087990921712e-01
-1.375626834732537329e-01
-3.703302328803512733e-01
9.437873702399384168e-01
-3.557291508037927485e-01
7.796046100574109960e-01
1.000000000000000000e+00
-5.644560355586234479e-01
-3.007675677848342666e-02
0.000000000000000000e+00
-4.946974390014216016e-01
-6.069613415636145870e-01
5.968411925630154879e-01
0.000000000000000000e+00
7.313594105796368261e-01
