-9.532666126513138494e-01
-6.206087867405893910e-01
0.000000000000000000e+00
5.643188431985879383e-02
-9.582305141129650039e-01
-7.031179873274338021e-01
8.200965834461830806e-01
2.090090343590835786e-01
-7.303399192629020931e-01
0.000000000000000000e+00
-2.309245013761023202e-01
-4.113543853466998801e-01
0.000000000000000000e+00
6.863435257611203433e-01
0.000000000000000000e+00
8.622833032415735399e-01
-3.301688673265232854e-01
7.434834061349244738e-01
7.048939035821542021e-01
-4.717176618113014808e-01
7.835072678217300801e-01
1.000000000000000000e+00
6.994534030070900243e-01
-6.603199778770476591e-01
7.061061946206359519e-01
0.000000000000000000e+00
4.629651768050053740e-01
6.300347201181153434e-01
-9.593881880786467864e-01
-3.182717259199547843e-01
-7.071306094160711986e-02
4.411001440221142822e-01
1.326129950099517174e-01
-9.950724454151491649e-01
4.043228194639942874e-01
0.000000000000000000e+00
1.000000000000000000e+00
-6.645007689118598293e-02
-4.543942342456024353e-01
2.574739958783267557e-01
4.327748728150331292e-01
8.230970036275808699e-01
-5.910621563209650375e-01
3.372301364390499767e-01
-4.020110174073390219e-01
-1.006526185791267736e-01
2.651592281883354829e-01
-4.518691872794582398e-01
7.450322950276595524e-01
0.000000000000000000e+00
6.643528655678285766e-01
0.000000000000000000e+00
-6.223021805804762607e-01
-3.298457428140819658e-01
8.237346026357847961e-01
0.000000000000000000e+00
7.790835783543295090e-01
-9.326994546362521454e-02
1.870860251455839229e-01
1.083179439545676193e-01
0.000000000000000000e+00
0.000000000000000000e+00
-3.397637394662098576e-01
2.137725085231019229e-01
8.894440566463210907e-01
5.218504393981471257e-01
2.997371891657583109e-01
6.035667174497822973e-01
-5.408260916933504969e-01
8.812962217512361196e-01
0.000000000000000000e+00
-3.174081681471752070e-02
7.987441414412814744e-01
7.768900144930523943e-02
6.922423184278891917e-01
-9.463713171098402377e-01
6.920319212476500059e-01
-5.785226116270871799e-01
-6.449703753932076733e-01
0.000000000000000000e+00
0.000000000000000000e+00
0.000000000000000000e+00
4.596855329643647625e-01
6.326863017031179037e-01
-3.988053334698233865e-01
7.061339015018717191e-01
-8.606502324657820946e-01
-5.236087495544459181e-01
-9.923193107361685250e-01
2.590325627511691486e-02
9.601603296601757265e-02
9.668643215307470840e-02
-7.488567191767625530e-01
-7.619152066387548938e-01
-5.841245653894029388e-01
4.915355223433679477e-01
-5.538723727576149169e-01
-5.771585149758411415e-01
7.393206335212394453e-01
2.693193193343523806e-01
0.000000000000000000e+00
9.155846879062361499e-01
0.000000000000000000e+00
7.952191416957155035e-02
-9.943915633449560421e-01
-9.593437577382879500e-01
0.000000000000000000e+00
-6.667462566202337904e-01
0.000000000000000000e+00
0.000000000000000000e+00
1.196007714489031315e-01
0.000000000000000000e+00
-6.916223902668769963e-01
-1.130801889095474078e-01
9.686896213923787968e-01
0.000000000000000000e+00
3.683372003741025580e-02
0.000000000000000000e+00
-8.395430004442485661e-01
-9.839964186671055213e-01
5.978128778329927506e-01
9.447963395234482142e-02
-6.690951295383669173e-01
3.495828920393546646e-01
0.000000000000000000e+00
5.330680148067241664e-01
-2.371726097691451152e-02
1.563583309116143294e-01
-4.994197657186265626e-01
-7.408237916630304731e-01
6.427185108102273503e-01
8.734097024675668841e-02
-5.354736586726893677e-01
3.709310818574129698e-01
1.066007832734532368e-01
-6.168077783768806110e-01
6.952284101453487519e-01
-9.930080125975970784e-01
5.496916164377978475e-01
-5.997474535971472065e-01
2.445630663227906787e-01
7.838579598852462027e-01
9.459268384438530575e-01
7.370529590817112009e-01
-7.086880130349093587e-01
4.966727313444123659e-01
2.900674937461644731e-01
0.000000000000000000e+00
-2.327722216747756256e-01
0.000000000000000000e+00
5.184380327408328881e-01
7.554446136540715617e-01
-8.980365165529500260e-01
-1.957918382765957421e-01
3.141863669781248536e-01
8.322521806112079812e-01
0.000000000000000000e+00
-1.069473550075874524e-01
0.000000000000000000e+00
3.664197525218231277e-01
3.426509996890350074e-01
-8.553768845919975661e-01
-7.189523915769262530e-01
5.823366463012498162e-01
-3.111868135289952431e-01
7.497620368647022193e-01
6.368305414417727572e-01
3.223952128226792446e-02
7.651834087233939652e-01
0.000000000000000000e+00
9.547736123851633394e-01
-5.352902993743950955e-01
3.622841539579972903e-01
-1.502793823191550526e-01
0.000000000000000000e+00
0.000000000000000000e+00
-7.031497709316414380e-01
0.000000000000000000e+00
-4.388867103969915640e-01
-8.278288496480572523e-01
-1.139144969979841715e-01
9.241926119568166786e-01
-2.572011147349395621e-02
9.983536347099297714e-02
6.294447782935148616e-01
-8.280355446520870633e-01
0.000000000000000000e+00
-1.603829708317734415e-01
-7.111344438981741511e-01
0.000000000000000000e+00
6.882251847220979268e-01
0.000000000000000000e+00
-6.865818619118624344e-01
4.326287398402837159e-01
-7.059889779752777095e-01
-3.838000710055569087e-01
-7.155599532379288696e-01
8.240787094301604832e-02
-4.872400329315633716e-01
-3.166156598945508716e-01
1.916118414867853392e-01
5.782932644721778814e-01
-7.879988212674360337e-01
-9.764903143295724508e-01
-5.810459823299132243e-01
6.075246197773220835e-01
4.917755589713057596e-01
8.647789037081885510e-01
6.357573934294091789e-01
-3.416262217007648427e-01
1.837806075197405686e-01
0.000000000000000000e+00
2.982570255147511951e-01
9.385970270411274630e-01
3.191228074673022608e-01
0.000000000000000000e+00
4.111917460497838128e-01
0.000000000000000000e+00
3.868738900279822257e-01
-7.523711282827205693e-02
-7.462531627418000912e-01
0.000000000000000000e+00
-4.171356862624278072e-01
-5.109477044212960006e-01
4.130474392151999297e-01
-6.458355363866628007e-01
-9.339191008047869058e-01
0.000000000000000000e+00
5.527585028415273882e-01
-8.220728045927443439e-01
-5.781611223242189013e-02
5.053869780430422232e-01
5.549832663761113949e-01
5.457607060478975036e-01
7.157775839236237836e-01
8.521095733847205977e-02
-7.572368273397742655e-01
1.692527578095317509e-01
9.745000388869027308e-01
2.888291158064433262e-01
-9.595331283453309990e-01
-8.571545242412388355e-01
1.788022072469244161e-01
-5.933106211446608214e-01
-4.073912763415550309e-01
0.000000000000000000e+00
2.782710563027239736e-01
0.000000000000000000e+00
0.000000000000000000e+00
5.001786524825289071e-01
-5.835119923150380306e-01
-1.958156307964669107e-01
0.000000000000000000e+00
-9.485342256183921794e-01
4.164226370548398393e-01
5.854588126026321060e-01
7.305784298162061319e-01
6.524320796893359198e-01
-2.932863923437927234e-01
7.647821742003135803e-01
0.000000000000000000e+00
-3.972415305494572113e-01
4.041805904222124379e-01
-2.515158745085790404e-01
-9.579521547405736026e-01
