0.000000000000000000e+00
-7.137477065570219104e-01
6.160991135110656103e-01
-4.594019513477110017e-02
3.371038941129211874e-01
9.873671960933010361e-01
3.127407609565249214e-01
-4.659561835441772271e-01
5.371747396671344710e-02
1.000000000000000000e+00
0.000000000000000000e+00
1.918275253226988664e-01
-1.865654122359532430e-01
0.000000000000000000e+00
4.295815065608183936e-01
-2.943683925535853785e-01
6.389743955419735499e-01
-8.485480158079727886e-01
0.000000000000000000e+00
9.537191748900952781e-02
6.828787622091783138e-01
-1.155147116133012908e-01
-8.031597137041266432e-01
-4.944851367212663718e-01
9.617728960295390817e-01
0.000000000000000000e+00
1.000000000000000000e+00
2.120781632867612121e-01
7.540629023320990498e-01
0.000000000000000000e+00
-7.113989342638393776e-01
0.000000000000000000e+00
0.000000000000000000e+00
-2.164073704285660593e-01
2.561684193939293142e-01
3.563124611440791067e-01
0.000000000000000000e+00
-6.917107264609263506e-01
0.000000000000000000e+00
1.000000000000000000e+00
6.086246484645756460e-01
-5.162765370406205978e-01
0.000000000000000000e+00
-1.302175043190085812e-01
0.000000000000000000e+00
-1.387476844822199684e-01
-4.361314176769430784e-01
0.000000000000000000e+00
7.529223360960379807e-01
-5.038014616049171224e-01
1.000000000000000000e+00
0.000000000000000000e+00
-1.275607969180070356e-02
0.000000000000000000e+00
0.000000000000000000e+00
-5.634264753088942257e-01
1.446687150825234358e-01
9.976166639807813041e-01
1.000000000000000000e+00
0.000000000000000000e+00
1.000000000000000000e+00
-1.035886093299338562e-01
2.969495739085372676e-01
4.345329888915385741e-01
-7.059221629027843115e-01
7.075941658036837278e-01
5.440240974982584188e-01
1.000000000000000000e+00
0.000000000000000000e+00
-2.165180619111961580e-01
8.925180961165350979e-01
-1.788675742794110235e-02
4.167012330888471006e-01
-1.363052379059364050e-01
0.000000000000000000e+00
-9.591042789015846726e-01
2.647238671744889249e-01
2.574157028990289309e-01
-5.204839394807443398e-01
0.000000000000000000e+00
0.000000000000000000e+00
0.000000000000000000e+00
-1.801631117427984208e-01
1.000000000000000000e+00
3.942821218780789838e-01
8.103764663919135192e-01
0.000000000000000000e+00
0.000000000000000000e+00
6.399982772584791313e-01
1.000000000000000000e+00
8.869270781187506003e-01
7.574463470694581257e-01
8.269614609971269736e-01
5.955774796850203945e-01
4.974122220211829593e-02
-4.042720139968563053e-01
0.000000000000000000e+00
7.154818829456803808e-01
4.285845703993329536e-01
-2.117722299373112627e-01
5.065165784152529938e-01
0.000000000000000000e+00
4.589315310934889425e-01
1.000000000000000000e+00
-9.318145857833315393e-01
8.233523501097692598e-01
0.000000000000000000e+00
-9.915543003225257834e-01
-5.879503581087044406e-01
-2.509429865002494875e-01
0.000000000000000000e+00
-4.127638132548634431e-01
8.652211220954941773e-01
-2.392770059938535976e-01
2.119632562033986201e-01
2.162254943759720494e-01
9.915748126580015143e-01
7.172333305373812529e-01
0.000000000000000000e+00
0.000000000000000000e+00
0.000000000000000000e+00
-9.470217362283195328e-02
-7.364165717450177340e-01
6.046003548753051682e-01
1.000000000000000000e+00
0.000000000000000000e+00
-7.046578525391897774e-01
0.000000000000000000e+00
0.000000000000000000e+00
1.445280256327456936e-01
1.000000000000000000e+00
0.000000000000000000e+00
-8.783888424629116010e-01
8.690460255729717254e-01
2.526790893912715941e-01
-7.762574270845143953e-01
-4.742387099106526449e-02
1.243108997727089271e-01
0.000000000000000000e+00
-2.167617669912860201e-01
6.919096941302149695e-01
2.566072814883462172e-01
0.000000000000000000e+00
0.000000000000000000e+00
6.925756818388260072e-01
0.000000000000000000e+00
4.430636548570039412e-01
-3.493670577326677407e-01
4.655310653958941725e-01
6.257603062599077504e-01
-8.430815942877720737e-01
0.000000000000000000e+00
5.772795733820001995e-01
7.074990815880795036e-01
6.361798535543943256e-01
-9.779163345970840471e-01
-9.457847839236839249e-01
-3.259948456797445715e-02
-7.551770389315315413e-02
0.000000000000000000e+00
5.403055311792519522e-01
6.412778223817592327e-01
-3.560123651546804879e-01
2.488912859183016746e-01
1.000000000000000000e+00
-4.354771460588362508e-01
0.000000000000000000e+00
-7.875582174144903913e-01
0.000000000000000000e+00
7.322707891680808601e-01
0.000000000000000000e+00
0.000000000000000000e+00
0.000000000000000000e+00
-3.967835967945920750e-02
0.000000000000000000e+00
0.000000000000000000e+00
-8.970408183490974352e-02
-9.361310775312987609e-01
0.000000000000000000e+00
5.293808939504305311e-01
0.000000000000000000e+00
5.762926280046123395e-01
-3.734969118006636890e-01
0.000000000000000000e+00
0.000000000000000000e+00
0.000000000000000000e+00
0.000000000000000000e+00
0.000000000000000000e+00
0.000000000000000000e+00
0.000000000000000000e+00
6.458183328763424935e-01
1.000000000000000000e+00
-7.165903880712949370e-01
8.420063323853854698e-02
-9.020241844427279165e-01
3.907830666717266865e-01
-3.138434329451447180e-01
1.000000000000000000e+00
5.759122196475590094e-01
2.944134062638297245e-01
8.803323581614423965e-01
1.688397666429146682e-01
3.980172628055766992e-01
0.000000000000000000e+00
-4.190148580595036698e-01
2.875758106857901897e-01
3.553978028103867981e-01
3.472963469340297760e-01
-3.663437858904259325e-01
1.000000000000000000e+00
1.000000000000000000e+00
8.945796181476857178e-01
-2.343315152315577077e-01
-6.453564823714879051e-01
-6.364819754657076167e-01
-2.963600420563086146e-01
-4.143211482550703817e-01
-8.816275605165517781e-01
8.892037319395866835e-01
-5.966255218386371517e-01
-4.144024588476211690e-01
-1.216009599693477217e-01
-3.052807658176210914e-01
6.301881879041411061e-01
2.342999868704862543e-01
-2.885629407370671196e-01
1.515570217850690238e-01
-3.169616935586372364e-03
-7.352769989362006875e-02
-5.479907695103025667e-01
-2.871459854913807064e-01
-7.896596321103728222e-01
0.000000000000000000e+00
-2.399911411559965124e-01
9.227858384579299411e-01
5.001208642452674713e-01
0.000000000000000000e+00
6.189000938851174638e-02
-6.179096563005688214e-01
-9.132282576536969732e-01
-5.706632423141093646e-01
0.000000000000000000e+00
9.118644587731283835e-01
-2.101447235450109030e-01
1.628878929457355795e-01
-6.073996235523484444e-01
-7.005004532125043148e-01
4.442017977673111684e-01
2.141732668504747750e-02
0.000000000000000000e+00
0.000000000000000000e+00
6.042873860956810006e-02
0.000000000000000000e+00
5.688980614823486714e-01
0.000000000000000000e+00
-9.122460918193728840e-01
7.531435375741135640e-01
6.142051197770428406e-01
6.277724887119395802e-01
9.771406144327487997e-01
8.797674167475078022e-01
0.000000000000000000e+00
1.708315833874896050e-01
8.915326202800613054e-01
9.730157954687057575e-02
