4.615516842422107135e-01
6.360172670787314075e-01
-1.147224548862393334e-01
4.203917259881211343e-01
5.385187106337092633e-01
3.171103938647719112e-01
-4.434414123047212275e-01
-1.802435826247696937e-01
-7.157677721917357072e-01
-6.723779785248766849e-01
3.844771976603056363e-01
-5.744044672779180516e-02
-1.020811470753832939e-01
-3.387163462085234222e-01
-6.355194107999355690e-01
-7.209557275800106968e-01
4.104641146809158148e-01
-2.831783658212425614e-01
-5.994822762177405284e-01
-5.208435100290209618e-01
-2.971826234154071322e-01
8.505260229369913105e-01
8.356030769495248478e-02
5.039130914379730264e-01
2.626593448664431563e-01
4.871357306594956693e-01
-5.108084714793974523e-01
8.585294721018441599e-01
2.013802835251388146e-01
-4.647193689973982966e-01
6.789375484059412269e-01
9.786993237941692403e-01
-5.989286760847614133e-01
7.415102891758098558e-01
9.914363194632087595e-01
3.698555749148340066e-01
-8.087718785704203217e-01
6.399792636474210816e-02
-1.811707701179647856e-01
9.239987405764926720e-03
8.269452536592283298e-01
-1.563860667420819972e-01
1.822883255412954817e-01
-6.700203697383533274e-02
6.438599851845270283e-01
-3.353237462027640614e-01
-8.232752445094204674e-02
5.481311581680885503e-01
-7.142549387335368483e-01
9.929945182786188429e-01
3.018681701904732950e-01
-8.433451328247925094e-01
-9.655074877940268419e-01
-5.272143444112653565e-01
7.729553821899910471e-01
-7.220987111549586057e-01
-2.355093584744560875e-01
3.547474292798973305e-01
5.859553606890588462e-01
5.274181095535857011e-01
8.488106913192197123e-01
2.719870190504893870e-01
3.786461000253422693e-01
-6.772158686487605994e-01
1.932069288865947421e-01
1.006390738785452044e-01
-7.820928498795309824e-01
-7.095775703724351846e-01
7.029329687820513595e-01
-8.492389604541532577e-01
-3.374928610860024047e-01
-8.336486641447875545e-01
-5.373042657020568047e-01
7.064871610507938993e-01
4.543041012264477096e-01
-2.696937078855015102e-01
6.494597991541484205e-02
8.182451026054837762e-02
-3.158885792023526928e-01
-8.541517436667331875e-01
-5.756716141960778188e-01
-9.221050258338274741e-01
-8.369473664396041013e-01
3.520581230257158190e-02
-5.704864336064559005e-01
2.792324297242783082e-01
-5.263876476013118477e-02
3.264522687670583512e-01
-6.247518519939858628e-01
6.812800412715782628e-01
-6.307735352459431510e-01
7.949911340824187267e-01
5.768176454661666508e-01
4.294572380693284508e-01
3.389167462511495366e-01
0.000000000000000000e+00
-1.138929700294135650e-01
2.255165342863159061e-01
-2.308813008699082125e-01
0.000000000000000000e+00
-4.225009108707866723e-02
-7.117007055849347008e-01
-3.161979919257660310e-01
-3.609905797795098792e-01
-2.091813194066129977e-01
1.626778739912060345e-02
-7.354409427940169497e-01
7.114673479499586950e-01
-1.040516321841888914e-01
8.443924986768409635e-01
3.417320441197182479e-01
-6.022149703331511894e-01
-4.415543030992408191e-01
6.724969483588649766e-02
-4.572784427721272582e-01
3.222596953302758749e-01
6.646843082586246787e-01
-7.377325899462710002e-01
-7.328060887110803279e-01
-3.851975712416153552e-01
-3.265140792408256498e-01
-4.397251838359228504e-01
-2.561278606478594178e-01
-3.015825018121820467e-01
6.133525355238222954e-01
9.611089673424222379e-01
-5.402268308923900975e-01
-6.367770515832367195e-01
4.539554910845706726e-01
-8.961139274683747047e-01
-1.972618619178780897e-01
6.565802940344787064e-01
2.014506062402749986e-01
0.000000000000000000e+00
9.770026644938591964e-01
5.160659644160121573e-01
6.494461410504530630e-01
7.952840102836744585e-02
7.446405840365875051e-01
-3.463528960795467793e-01
-7.448969454172136295e-01
1.651647650606120621e-01
-1.998507738171233505e-01
-5.691463836888213113e-01
6.660705562541799907e-01
-3.794404733699971999e-01
8.815339734356684165e-01
3.134637455428017638e-01
-4.891638789811625365e-02
0.000000000000000000e+00
9.446167338691588977e-01
-2.299482024710814976e-01
5.667492142691141765e-01
8.452901178365976875e-01
-3.683665603747585671e-01
-8.665917417459205740e-01
-5.871389617031865793e-01
-2.459529994643898654e-01
8.701946533999791455e-01
7.831568485771265298e-01
2.550049125423952123e-01
5.380592786956743812e-01
5.423253279903019752e-01
-9.364067504059112590e-01
9.276846125851552216e-01
6.108941931595432973e-01
-9.387042549594630803e-01
-1.460713326890574759e-01
-7.720685159108959805e-01
2.417951816396510800e-01
-3.583699372852271470e-01
4.893112911938926057e-01
6.069183780278974982e-01
-1.688974004460901401e-01
-9.673368858573483386e-01
6.172044611383860069e-01
8.723219604086296375e-01
6.251643092274008495e-01
2.476097951503923866e-01
-7.080271954630945608e-02
9.243824709439552034e-01
-9.104486655801924400e-01
-1.953314073338328072e-01
-2.399421276168440809e-01
8.820079354571055408e-01
-1.283228800033295869e-01
9.308572964628334390e-01
-8.828075522133760344e-02
1.497483258756771018e-01
2.265607628438564003e-01
-8.265019851492736436e-01
4.601321056192233527e-01
4.204068589281027002e-01
-8.638676067682777848e-01
8.046682583100639441e-01
6.794842184844749333e-01
8.700808798301260527e-01
-7.996625215583381685e-01
-2.290909451261446961e-01
-4.222356578233854574e-01
-8.101138913768684002e-01
4.365474385970840032e-01
-2.432250432558615838e-01
-1.624807170285051949e-01
-2.666516252194695014e-01
-3.396481431804414530e-01
-1.651084111003078281e-01
-1.185498587966180573e-01
-9.254818341961614792e-01
1.798810507694257321e-01
-9.720270049253145750e-01
-7.259347070729496032e-01
8.470341215011791824e-01
9.771975057748545357e-01
-6.124537920986112827e-01
-8.975460418817502450e-01
8.356922271286832959e-01
-2.978047398221319586e-01
5.829921249751504053e-01
1.467226086106740990e-01
4.785739325465880878e-01
7.218149884690625573e-01
3.001701498123585665e-01
2.443523856139482309e-01
9.306938583449861913e-01
9.129370080760288442e-01
1.125083761135878824e-01
9.048577050720774118e-02
4.049741612778285926e-01
-8.443726273545504313e-02
-6.785570177706170547e-01
-7.802235044020919830e-01
-6.484872781509027906e-01
-2.812481583944974606e-01
-5.185090819420294928e-01
-8.285329392621201272e-01
-3.635593869289921454e-01
6.887121523404318157e-01
-4.514850110314558851e-01
-2.497730059442728745e-01
4.576230796746538765e-01
7.690998653807297192e-01
2.956831828081081248e-01
8.497038247206443184e-01
3.830416439687280850e-01
-1.340521076557250613e-01
1.427823466573949762e-01
4.769725376339022382e-01
7.750183398050711769e-01
9.441112149649792951e-01
6.531214478296534232e-01
3.809440304113398401e-01
2.710191569536961609e-01
-9.368156451364579862e-01
-8.748084397357096531e-01
6.083455065003928741e-01
1.749813963402679917e-02
7.813687608425174957e-01
1.344022355165155336e-01
4.958792186087874754e-01
1.177349834535901252e-01
4.226979866853854961e-01
7.045989346405414633e-01
4.198852309508493974e-01
5.280081934082150319e-01
