7.397658893660570278e-01
0.000000000000000000e+00
4.576646720099550869e-01
6.328862664727450404e-01
6.665667245671282881e-01
-7.823701676566565677e-01
-9.835842732057413773e-01
0.000000000000000000e+00
2.269581282992418902e-01
-8.474442873583143410e-01
9.390316586400975218e-01
-3.370623089419344520e-01
1.336706567159033909e-01
0.000000000000000000e+00
0.000000000000000000e+00
-4.119883196883842302e-01
0.000000000000000000e+00
-6.998193577630695827e-02
-6.546310610714192180e-01
4.596498845132135358e-01
-9.775818032517828993e-01
5.924905984607096165e-01
6.029727358593319764e-01
0.000000000000000000e+00
-2.195465794280451188e-01
-5.130672684760928526e-01
-8.079265558167780803e-02
3.608798555881160830e-01
0.000000000000000000e+00
-5.012657459797260628e-01
8.597192850961943300e-02
6.286731633971749389e-01
-2.397081192581018705e-01
3.497794865384729057e-01
-8.453802298044310604e-01
-9.326300193598089372e-01
0.000000000000000000e+00
0.000000000000000000e+00
0.000000000000000000e+00
5.304692260924486202e-01
1.000000000000000000e+00
0.000000000000000000e+00
5.881825128075484077e-01
2.747935889419939048e-01
9.135449910320447842e-02
-9.769630499492070186e-01
0.000000000000000000e+00
9.281560374553143866e-01
0.000000000000000000e+00
4.999001484033516185e-01
7.179683342760236897e-01
4.235828934003820212e-01
8.651096812213996401e-01
6.145117863004552206e-01
-7.006314580928274527e-01
5.879593899783701616e-01
1.000000000000000000e+00
9.836156802332152171e-01
-3.440545792334697150e-01
-8.256386663379264856e-01
-1.766429076764923778e-01
0.000000000000000000e+00
-3.594098034338129022e-01
0.000000000000000000e+00
0.000000000000000000e+00
4.894633336439522253e-01
-3.336797797373143304e-01
3.140872070333260435e-01
-9.563766104291904213e-01
-4.493970958747153244e-01
3.799292038797570381e-01
-8.095162956024137824e-01
-6.605027135580869846e-01
5.276772807527629894e-02
6.076448530100397871e-01
-7.046122158762544441e-01
-4.271414372223696354e-01
0.000000000000000000e+00
-9.756838508582088565e-02
-1.821689386146605472e-01
-3.853773135434133135e-01
-8.727665567652165279e-01
-7.556015161197948693e-02
-4.462998657226151522e-01
6.916471484692601202e-01
-6.946131898546443750e-01
8.721534643937247644e-01
5.786657051088350823e-01
5.287688294928725163e-01
-7.388750987356289546e-01
-6.781557045112052151e-01
0.000000000000000000e+00
-9.635935247552847027e-01
7.836912559748023810e-01
0.000000000000000000e+00
1.980096861286637644e-01
-1.155473565229778732e-01
-4.842963327358698056e-01
3.831790133650800900e-01
-9.510098169929626089e-02
-7.792079848003297116e-02
-5.483802891885245501e-01
-2.998980821289547460e-01
1.226262628864724924e-01
0.000000000000000000e+00
-6.818296120421118989e-01
5.164224211246148943e-01
9.928855652543067123e-02
-6.153741980586295846e-01
0.000000000000000000e+00
5.098368040004459534e-01
0.000000000000000000e+00
0.000000000000000000e+00
1.213703538267258963e-01
-7.227313056706643479e-01
-5.767439289940012870e-01
-1.415175092360183573e-01
7.993273338019628582e-01
7.627005106809860990e-01
-7.437335740511414883e-01
1.765176611837209197e-01
-7.375934922872846577e-01
0.000000000000000000e+00
0.000000000000000000e+00
3.175223732214211836e-01
3.037459979003820365e-01
-9.631427516572832470e-01
-4.135422953117471323e-01
5.629899286893103039e-02
0.000000000000000000e+00
1.493898865163663103e-01
-5.294705725807624663e-01
9.100415676299324907e-01
6.383815074328316186e-01
9.510156319764326849e-01
2.161735658795849169e-01
-5.621104193756800704e-01
2.873892862425153627e-01
6.807838419852454415e-01
-2.888787253545499478e-01
-9.888076040544873102e-01
1.606914602710087792e-01
6.012316771807801885e-03
1.336757470524010394e-01
-5.043021523578428145e-01
0.000000000000000000e+00
6.461293569164718864e-01
9.377789432464549435e-01
9.420722262909546618e-01
8.476443177790571326e-01
-3.208689879935091582e-01
8.287416608027833309e-01
-9.990294893786351160e-01
3.817216274861117142e-01
6.125660702232198496e-01
-7.144350263800738343e-01
0.000000000000000000e+00
-4.106898548255755177e-01
3.849644646621646071e-01
0.000000000000000000e+00
0.000000000000000000e+00
4.455162170205244632e-01
-9.944098542954535880e-01
4.619566201189251320e-01
-1.423485245841933367e-01
-9.592660007160387359e-01
5.431553872428360741e-01
4.173427752159610815e-01
1.000000000000000000e+00
0.000000000000000000e+00
0.000000000000000000e+00
-8.142961224721820823e-01
5.145152234730145935e-01
0.000000000000000000e+00
3.279086032379343596e-01
-9.911545391370359948e-01
1.000000000000000000e+00
2.446481902581920664e-01
4.784177235118598492e-01
5.190225708840190411e-01
0.000000000000000000e+00
0.000000000000000000e+00
0.000000000000000000e+00
2.966195134178573056e-02
-9.315749080595023823e-01
3.641689552583620149e-01
0.000000000000000000e+00
-9.094723626351401968e-01
5.633658918416220018e-01
6.548994279542916797e-01
7.825672919124782023e-01
-4.116204695122462898e-01
-6.616566213948193997e-02
0.000000000000000000e+00
9.772932713410422689e-01
-2.507021770582738007e-01
3.117892886336082192e-01
0.000000000000000000e+00
-3.038608353370582105e-01
-4.499426850366627928e-01
-8.263209008488707763e-01
0.000000000000000000e+00
0.000000000000000000e+00
0.000000000000000000e+00
-3.570887045240456192e-01
-2.415366834176471134e-01
1.000000000000000000e+00
3.309497138598798127e-01
0.000000000000000000e+00
-1.268406873044503058e-01
4.178935230847509175e-01
-1.158162421647235263e-03
5.739748670656550367e-01
-3.669138216858818247e-01
-7.186681022626653093e-01
3.700122579593894123e-01
0.000000000000000000e+00
3.432248226158793880e-01
0.000000000000000000e+00
8.029377856967165883e-01
4.514834983207844932e-01
-2.170442628018403042e-01
4.525483226424189542e-01
2.369170683343968520e-02
6.739154540350882350e-01
2.526342234510867701e-01
6.184301350634242578e-01
0.000000000000000000e+00
-5.560052536527511080e-01
-3.085208257760339023e-01
-8.708846884748315809e-01
0.000000000000000000e+00
6.924461013382741115e-01
9.670945429755632983e-01
0.000000000000000000e+00
0.000000000000000000e+00
4.229651633351907414e-01
3.713489885192629014e-01
0.000000000000000000e+00
5.560517536898936797e-01
-6.047452068667602543e-01
4.550614716144758543e-01
-8.693188029489133939e-01
0.000000000000000000e+00
7.744186879015992897e-01
0.000000000000000000e+00
-2.621812518686328364e-01
0.000000000000000000e+00
4.522715042171934208e-01
0.000000000000000000e+00
-2.433023130568936487e-01
-4.227724171152935639e-01
0.000000000000000000e+00
2.170083778608233871e-01
0.000000000000000000e+00
-5.860088200900692712e-01
2.147735993564461321e-01
3.094671487963964740e-01
7.580339392882684546e-01
-5.112200526737535888e-01
1.191313496124122295e-01
-7.569042574296016568e-01
8.658195178793128832e-01
0.000000000000000000e+00
-5.861470851028589557e-01
