-4.014019485630557771e-01
-2.232741168055221159e-01
7.176571590768465736e-01
1.186391976839056284e-01
0.000000000000000000e+00
1.789037179678047984e-01
-3.765604315511787981e-01
-1.267976238386001597e-01
-2.063827130547370992e-01
-1.856995887045711502e-01
9.193318756667512304e-02
0.000000000000000000e+00
-9.022971914187070119e-01
0.000000000000000000e+00
-5.554679998108420502e-01
1.389648293474374796e-01
7.416349158338462200e-01
-6.243353128676161212e-01
2.698714375198023596e-01
-6.525689078749536964e-01
-7.271111372092886604e-01
-3.013173073237869204e-01
0.000000000000000000e+00
-1.071101143304085124e-01
-9.982537654789855885e-01
4.029634377148822999e-01
-8.285239892676639073e-01
-3.962001185565977579e-02
-1.698942314995997016e-01
-2.154534047838665423e-01
-7.065512253336756476e-01
9.865275149251662157e-01
-4.909745640966218794e-01
0.000000000000000000e+00
7.408196163937685874e-01
7.731776610377203429e-01
-6.599710741876685383e-02
6.699245466738470434e-01
0.000000000000000000e+00
4.224376353469723178e-01
-5.738730947217467460e-01
4.545462455635616017e-01
0.000000000000000000e+00
8.227579726611700117e-01
-3.526718216945488038e-01
-4.472155163371138720e-02
-3.066895299230725236e-01
-5.784871208500423911e-01
-1.622017121165992837e-01
-9.125004622123309428e-01
-5.026676615728487008e-01
-6.819861557628925652e-02
-7.271756721004523083e-01
3.841889021500535240e-01
-6.445500482405246423e-01
1.359398200447365923e-01
4.286126488071249074e-01
-6.038772432588952466e-01
-9.158537582819805678e-01
8.160943301749539192e-01
4.432162718287946390e-02
4.501997233987813374e-01
4.024389779753356766e-01
8.720731853529322120e-01
-1.702184773638835136e-01
-1.359335350360459937e-01
-8.031847421078637250e-01
-6.421294884687398508e-01
-5.018438720973761313e-01
-1.035577656822956882e-01
-7.262091710722877735e-01
7.917347638791112363e-01
-4.944695694309857448e-01
-9.062971676212234762e-01
2.422260029783016577e-01
-8.794085160439046867e-01
-7.447197204171218665e-02
8.271492263814077539e-01
-4.921409357090449355e-01
-8.829816320178203171e-01
-1.962232704797468585e-01
-3.116629658172715978e-01
1.256427307015088868e-01
-1.860551620114234694e-01
-7.759071063930478296e-02
-4.727871692458314179e-01
8.988110903475543534e-01
0.000000000000000000e+00
-7.030155469813013092e-01
0.000000000000000000e+00
-2.747212887147207905e-01
6.350353568377413715e-01
-3.604753723648512764e-01
0.000000000000000000e+00
4.898948136930525443e-01
0.000000000000000000e+00
-5.517998253168894252e-01
2.562450191380341025e-01
5.367504094789201652e-01
-7.273039965599965573e-01
-7.838564041754223499e-01
0.000000000000000000e+00
-5.873940829134858266e-01
-4.405984821963162545e-01
-3.617900735649328681e-01
0.000000000000000000e+00
-9.159669696043852838e-01
-9.815245909904306565e-01
-1.238437696989975745e-01
5.447677413827833881e-02
7.960851199651801657e-01
1.229897696320403355e-01
-6.622404849382568237e-01
-4.097973770306766461e-01
8.197977418956561291e-01
5.416415869679758188e-02
-3.974396573373590869e-01
-4.851409043795700260e-01
0.000000000000000000e+00
8.309039758530147868e-01
0.000000000000000000e+00
1.110119676188237037e-01
3.195138619444224393e-01
4.813397320583572281e-01
0.000000000000000000e+00
-6.109066419182263008e-01
-8.928772332788750266e-01
5.169988071274689290e-02
0.000000000000000000e+00
3.308721542053878473e-01
6.775686912533682715e-01
-1.378734357356874440e-01
6.192438923970184916e-01
2.614282177519449135e-01
2.703980468680533544e-01
-7.763334925983600421e-01
-7.875074569394249213e-01
9.037676189407566341e-01
1.454094757810904248e-01
-2.858922577415210498e-01
4.919825163016773306e-01
-7.232205988123432405e-01
-9.029516963305250776e-01
-7.269020541673112401e-01
-4.273753154113939523e-01
-3.552269012103725920e-02
-2.555488177865596899e-01
-5.789208923567024101e-01
5.052744938942188568e-01
1.905726001857324103e-01
-6.732183422962674246e-01
0.000000000000000000e+00
-7.437169963482148649e-01
9.204148085834860105e-01
1.447419223594947901e-01
-6.108125943833675464e-02
-7.484433233367178140e-01
5.155005782775829992e-01
2.021268329167540401e-01
-9.045660229907939165e-01
-3.943645201612326900e-01
-5.184378861740195354e-01
7.251013263047525470e-01
2.822326065281630658e-01
2.299631996286330970e-01
-4.683870800485647745e-01
2.186610522338456875e-01
5.692065703440731816e-01
-1.579506545151234675e-01
-4.305932046826743687e-02
-9.138472156468495644e-01
4.977608404476367987e-01
-1.967243332184160920e-01
0.000000000000000000e+00
7.585978076268673487e-01
8.600948016693965581e-01
-5.106754888084941157e-02
4.170427735536856861e-01
0.000000000000000000e+00
1.301053332105732707e-01
7.022236418422886928e-01
1.596612692276264678e-01
8.312676354596897355e-01
6.237953403463141200e-01
-6.500676267675229436e-01
6.115945902937438561e-01
4.347181017677070880e-01
-7.721935969247162301e-01
5.415586966261494162e-01
0.000000000000000000e+00
7.077316822560881793e-01
-4.335304313876962023e-01
-4.394568919972690058e-01
1.933410891224918160e-01
0.000000000000000000e+00
0.000000000000000000e+00
9.656362003087533008e-01
-9.912871921704071720e-01
-2.020395421280791748e-01
-9.079290637994206215e-01
1.451761655921730565e-01
1.154965130079452784e-01
0.000000000000000000e+00
-3.515145019396581638e-02
-4.304769192553019597e-01
8.432122163411106541e-01
2.335182903679449140e-01
-2.553878686138228993e-01
-2.062799174109568590e-01
0.000000000000000000e+00
-1.987263016531282123e-01
-6.058777339131216078e-01
5.558781234767893320e-01
8.764998454648333936e-01
-3.005270060490616846e-01
-3.939725897276331601e-01
0.000000000000000000e+00
-9.725343753288020476e-01
-7.641589515256841381e-01
4.903287199010697428e-02
-9.347626832034561239e-01
-1.955031452895323874e-01
-2.762527261792233624e-01
9.957312564334952487e-01
-8.469284642453551726e-01
-8.794015733882227792e-01
-8.134328484822976879e-01
-7.467404542542042112e-01
1.257916488899351037e-01
-8.964897486945495597e-01
-6.933859889730624726e-01
-4.245669638376841082e-01
-1.948902177166709215e-01
2.285301296966590900e-01
6.161833246463728209e-01
-4.634366272237839812e-01
-6.137552499212171053e-01
9.858434493496388562e-01
-1.179513312105984202e-01
5.736376791354349525e-01
-6.103135971295041706e-01
-9.486632277244717582e-01
-3.521086969717028836e-01
2.186716679874298741e-01
3.023159256710858944e-01
2.177304201935224004e-01
-9.451715628643750922e-01
-9.573504898249658446e-01
-1.563426250233692638e-01
0.000000000000000000e+00
-2.029297653757766717e-01
-6.964113926695196799e-01
3.413307452220069038e-01
2.100836713563121183e-01
2.778922498064058111e-01
8.762761170911459452e-01
-8.798574231255573697e-01
-2.644596999706065876e-01
-7.544532246307469325e-01
3.234709286427179808e-01
9.957095408501261957e-01
3.885648700967858638e-01
0.000000000000000000e+00
0.000000000000000000e+00
6.283154429672976882e-01
