1.388874310965724224e-01
2.725522758641454324e-01
1.582244406500254996e-02
-3.525282640766576048e-01
4.773412241967367464e-04
1.793509983249323980e-01
0.000000000000000000e+00
9.971034011181745260e-01
-3.875789118584673787e-01
6.834702059169239785e-01
-5.766075866388755689e-01
-7.686386404501284186e-01
0.000000000000000000e+00
-6.801911327259424489e-02
0.000000000000000000e+00
9.988000785836224082e-01
0.000000000000000000e+00
-3.969490535178037405e-01
-4.888846726572042556e-01
2.841877898408717851e-01
9.912966272740928453e-01
-7.307457976891711393e-01
0.000000000000000000e+00
-7.151066902422940075e-01
-4.415600371060612872e-02
-7.746074158485798389e-01
9.755515545084096907e-01
-4.004011624169141470e-01
0.000000000000000000e+00
3.132544116274471602e-01
0.000000000000000000e+00
5.256417439284748472e-01
-4.272736111597814634e-01
7.485995621837406855e-01
-4.570142873712617071e-01
7.264887969368891696e-01
0.000000000000000000e+00
-6.659918705130654093e-01
-3.700097916188358482e-01
-4.585144392810525105e-02
-8.037484118466304839e-01
6.346836517059286642e-01
9.572881986311516656e-01
1.000000000000000000e+00
0.000000000000000000e+00
-1.950365339050041946e-02
-9.702004519512186231e-01
-2.035506838605849467e-01
0.000000000000000000e+00
-6.497775519709025893e-01
5.185377067253562622e-01
-2.894478010852867822e-01
0.000000000000000000e+00
9.483675552870365344e-01
9.293376307467811070e-01
-3.266213391846850556e-01
0.000000000000000000e+00
8.206337075840577366e-01
4.089332762519815034e-02
-4.246236643940706212e-01
-1.619761139699256169e-01
-1.448035105824874158e-02
-7.189649689175285907e-01
-4.615613538507625790e-01
-7.338826287353086286e-01
0.000000000000000000e+00
-9.375244405285594329e-01
0.000000000000000000e+00
0.000000000000000000e+00
-3.718053765292972379e-01
-3.635468679535396319e-01
6.387674882079263927e-01
9.550513766474721944e-01
1.000000000000000000e+00
-2.082361184257699449e-01
0.000000000000000000e+00
-2.625114009681925875e-01
1.085957640575883065e-01
-3.266959342425714841e-01
0.000000000000000000e+00
0.000000000000000000e+00
0.000000000000000000e+00
4.349561450619761072e-01
5.581677267994147318e-01
0.000000000000000000e+00
9.551980578483365569e-01
-8.040327657203241163e-01
0.000000000000000000e+00
-5.529634663888562951e-01
-7.696220372584521296e-01
3.354352509075804178e-01
-3.350207699640082026e-01
0.000000000000000000e+00
4.251859735204397417e-01
-7.664116154440072659e-01
-6.074780744885790451e-01
8.039685101327573857e-01
-4.892218370344041389e-01
3.645076184133850816e-01
0.000000000000000000e+00
3.231368138530479328e-01
8.326884885985696982e-02
-1.375913527468088926e-01
0.000000000000000000e+00
3.334259023914032394e-01
9.864170835922845271e-01
-9.073317172650043894e-01
-2.141532927494571581e-01
0.000000000000000000e+00
0.000000000000000000e+00
4.447213941313648000e-01
6.467880771326004474e-01
-7.811837329298141341e-01
9.489055291069716791e-01
7.282049363839042666e-01
2.375274212808837770e-01
3.714169812341969745e-01
8.176814773696339245e-01
-6.843524434002774548e-01
-7.079656246080701099e-01
-2.909953864880248098e-01
0.000000000000000000e+00
9.263005839616849091e-01
-4.297494721524695027e-01
-9.096667404732927675e-01
-9.399280334688098204e-01
1.895855123398915154e-02
-7.035866666636934053e-01
-8.927763394478334114e-01
-3.150209725071411171e-01
-1.335015084179251854e-01
4.440617858329485301e-01
-3.922220989271176794e-01
-5.367208104923533174e-01
5.020955138464930911e-01
3.836474812441330595e-01
-4.757701499146254065e-01
5.522068115742473360e-01
-5.324759896739672538e-01
-4.704668137452590049e-01
-9.785692972063886330e-01
8.965242555543531111e-01
-2.932871336105722371e-01
0.000000000000000000e+00
-4.102662882550562884e-01
-6.923592346799054553e-01
-1.157606369744348385e-01
-6.691766457632386533e-02
-2.157001888617846586e-01
7.381510091928185080e-01
-9.700301312449410851e-02
1.124942842965375167e-01
5.504883932753159570e-01
0.000000000000000000e+00
0.000000000000000000e+00
3.126598680866401470e-01
0.000000000000000000e+00
4.849851817632682138e-01
-9.765169877453763192e-01
-9.815289698763292048e-01
0.000000000000000000e+00
0.000000000000000000e+00
6.924085447964034579e-02
-2.722914182584905696e-01
0.000000000000000000e+00
2.126321247198996733e-01
0.000000000000000000e+00
6.989144954428865297e-01
-2.545832911372694074e-01
0.000000000000000000e+00
7.604086245577965641e-01
0.000000000000000000e+00
7.537166618248947181e-01
-4.716901275619000966e-01
9.285544630938153965e-01
6.237876120666534518e-01
0.000000000000000000e+00
0.000000000000000000e+00
5.811986367591515101e-01
1.212175615011139573e-01
0.000000000000000000e+00
4.890707830395177869e-01
-2.015145673098386325e-01
5.591021601204717584e-01
0.000000000000000000e+00
-8.173366650538573808e-01
-7.080252555650343727e-01
2.657552081178642389e-01
0.000000000000000000e+00
0.000000000000000000e+00
-9.986392274207755992e-01
1.942386245783414012e-01
1.000000000000000000e+00
-9.318146273962462089e-01
-8.580152051261822344e-01
-7.131981999733802979e-01
5.310694972274287995e-01
1.000000000000000000e+00
-8.032075630017072587e-01
1.831758883656549042e-01
0.000000000000000000e+00
-6.386761539649830066e-01
-9.842897697462571482e-01
-4.874681010896060318e-01
-5.162073576412531395e-01
2.954901407588808038e-01
-6.400832304825112562e-01
3.029412385460306112e-01
-8.284968752769421574e-01
-2.070967715218152705e-01
9.242059181101061061e-01
-6.500490372777079084e-01
4.627323229981912256e-01
1.000000000000000000e+00
-5.016831688970690983e-02
0.000000000000000000e+00
-3.529350944523790279e-01
-2.434561497297118571e-01
0.000000000000000000e+00
-4.494227540076476402e-01
-9.733472371532230216e-01
9.798626479603176342e-01
8.790572183217757463e-01
7.223797463812891007e-01
-7.740314707143181039e-01
0.000000000000000000e+00
1.929288551021817177e-01
3.695154207033770621e-01
0.000000000000000000e+00
-5.358857774657153072e-01
-3.935116793985424799e-01
-5.053353046064037457e-01
4.060936533918546587e-01
-1.884906388773044394e-01
6.281247665720357531e-01
0.000000000000000000e+00
0.000000000000000000e+00
3.915607139195678155e-01
0.000000000000000000e+00
-7.475672190192799160e-01
-5.220737186978814393e-01
8.967748925615848243e-02
2.906482124174436521e-02
-7.053785942445678359e-02
4.240584963184295120e-01
7.646887003434994501e-01
0.000000000000000000e+00
-7.928805791604167652e-01
-8.652770404474763311e-02
-5.520676743224961491e-01
-3.884948284981553090e-01
0.000000000000000000e+00
0.000000000000000000e+00
-3.875582483776836007e-01
-3.765098597086793397e-01
1.000000000000000000e+00
2.537365764428418657e-01
-9.889823541639317650e-01
0.000000000000000000e+00
6.550215937258718757e-01
0.000000000000000000e+00
5.088162250377543661e-01
-5.399044252185363213e-01
1.000000000000000000e+00
1.000000000000000000e+00
