-2.744026132466768075e-01
0.000000000000000000e+00
0.000000000000000000e+00
-3.785194046190956119e-01
4.125252900365139475e-01
5.487049811977127156e-01
-2.372341041272938433e-01
0.000000000000000000e+00
9.021824832526650351e-01
0.000000000000000000e+00
-9.037107587463408809e-01
-9.075781880346878161e-02
3.465741082996092182e-01
0.000000000000000000e+00
-5.761717214817885235e-03
4.522744887096763478e-02
-4.158582229356238003e-01
1.443361563894567379e-01
-3.291677977867419891e-01
-2.365951395990024686e-01
5.698930699789255261e-01
0.000000000000000000e+00
8.339006696604118751e-01
9.857191594266168089e-02
7.603937954228876528e-01
-3.042916204043579764e-01
-9.301865170952439144e-03
-7.505880258923269821e-01
3.077829887450111990e-01
-8.634004713231369088e-02
6.369172673715517430e-01
-5.215001972885047188e-01
-6.131683035286001893e-01
6.627752578106860248e-01
-5.586056419331497658e-02
5.642210503595013193e-02
-1.632670731066618863e-01
6.282161242902950526e-02
5.262400384961913868e-01
9.037864962801525071e-01
-5.999327913541572244e-01
4.356066887110578989e-01
0.000000000000000000e+00
8.099285363904158430e-01
-6.415231202504838581e-01
7.800380479102528852e-01
-6.579910931177370692e-01
-1.047363234683864608e-01
3.545410225171143903e-01
-6.638052969620784616e-01
4.084144846319754940e-01
0.000000000000000000e+00
-9.159697074729757915e-01
-7.305772004460031610e-03
3.474405016830495185e-03
0.000000000000000000e+00
6.356694775998508185e-01
-7.078910281567765139e-01
8.226038615668682663e-01
-5.109267809894957324e-02
-3.378236891325654412e-01
0.000000000000000000e+00
0.000000000000000000e+00
-6.189252989519200554e-02
-9.127238981840455345e-01
0.000000000000000000e+00
-5.847593631080123533e-01
0.000000000000000000e+00
6.243296517472076701e-01
9.795819839066099988e-02
-9.311507743254519021e-01
-1.298303344581495100e-01
0.000000000000000000e+00
-9.340904937504235228e-02
0.000000000000000000e+00
0.000000000000000000e+00
-4.779938744564848907e-01
3.810628629400445444e-01
-6.639129170387658707e-01
5.945696801325055514e-01
2.552613592504435758e-01
-3.633277280887479144e-01
9.078388523635430030e-01
-4.149350707708521213e-02
-7.344075023951452952e-01
-5.922091727099809688e-02
-4.454215432957306930e-01
-5.103497094529019229e-01
-7.704659187255546993e-01
2.438641993289887289e-01
4.267515323377133463e-01
9.300250138701460223e-02
-8.663297409859631593e-01
4.130556395089630684e-01
9.996535659895073866e-01
8.929218623516841369e-01
7.848077653390461705e-01
-8.456382331345153602e-01
-3.569965388377696058e-01
-7.670269246349104009e-02
-8.799947055885903868e-01
-2.242469900798822469e-01
1.765972173744279061e-02
5.044179432377915440e-01
9.655940657188515353e-01
-5.409597555815359726e-02
8.672259695139072910e-01
-5.111129894394665918e-01
0.000000000000000000e+00
5.475941832503838924e-01
3.074102999229224586e-01
-5.137265921273233005e-01
0.000000000000000000e+00
-4.166188307998466289e-01
-2.533924642012390649e-01
-5.691265964536822430e-01
3.659254334134629527e-01
-1.858741326726882637e-01
-3.602742542058754438e-01
-7.528275607467875830e-01
-2.210861346377694936e-01
9.441745810597657051e-01
9.397342073867569479e-01
-1.260848647360233166e-01
6.145200795869776300e-01
-2.853899218195985465e-01
-6.661842768067660625e-01
-5.455049039114334697e-01
0.000000000000000000e+00
3.623716321900165571e-01
-6.094719299254418576e-01
-8.523898744176272579e-01
-2.431596704034979517e-01
6.729736056601625105e-01
-6.791596984740573273e-01
0.000000000000000000e+00
-1.109846478706733031e-02
-8.134630847806669784e-01
-4.129651252462229749e-03
-4.795878352715312598e-01
2.787180546598271302e-01
2.698742443237718280e-01
9.774510152981699118e-01
0.000000000000000000e+00
-1.140082283717320788e-01
6.846920197978159095e-01
-5.375580077192743111e-02
-3.428005805652389881e-02
0.000000000000000000e+00
-8.675861199167091975e-01
-3.333068041905586920e-01
0.000000000000000000e+00
0.000000000000000000e+00
9.925852384281370622e-01
4.796068834504958467e-01
0.000000000000000000e+00
5.573490921742114690e-01
0.000000000000000000e+00
-8.056222948856535115e-01
1.003581612177253390e-01
8.425741024592865447e-01
-9.968077020705981006e-01
-9.829218726096686787e-01
-1.922301509138695241e-01
-7.185143177806119219e-02
1.198687974025993697e-01
-8.989520642127999395e-01
6.553564148298600678e-01
-3.171112267745834767e-01
0.000000000000000000e+00
8.017063191730904315e-01
-9.566509023906304421e-01
3.988337479634684879e-01
3.866854677731614842e-01
2.444195262885726638e-01
-3.763566157857001215e-03
0.000000000000000000e+00
-9.646641806492461946e-01
0.000000000000000000e+00
4.294299664955505413e-01
-8.882527290060686642e-01
1.750085824785017063e-01
-2.601989837516758275e-01
-9.755917298136189686e-01
-9.400398023217086951e-01
7.938350137522862671e-01
2.573683193631237653e-01
1.746246939306492774e-01
1.929927411495189205e-01
-2.742050153596093942e-01
2.282023169512819027e-01
-1.022628777633189934e-01
-8.139229049683225359e-01
-3.694845463364899718e-01
2.059778752621288511e-01
-8.342933274137955824e-01
5.521383190401838448e-01
-3.003198412578989007e-01
0.000000000000000000e+00
0.000000000000000000e+00
-6.739657543780399607e-01
0.000000000000000000e+00
-4.147685545426593734e-01
4.382452733441351000e-01
-7.863432773963496825e-01
2.286486277015673529e-01
-5.472191321607493553e-01
8.406626431930126486e-01
-9.451275283023778950e-01
-9.669698705973710506e-01
2.121793870927086711e-01
-3.636250943997303420e-01
-7.875730650413106382e-01
1.009743658639823405e-01
4.202942011488186580e-02
-8.120032423663545718e-01
-5.223764721386245924e-01
1.549046354475729359e-01
-4.383145842504254652e-02
-2.996284948269591908e-01
-9.053149870944412481e-01
3.910980438481592714e-02
-5.431975780516473673e-01
-4.447173402528499242e-01
8.755009273227789546e-01
-1.239799461388968460e-01
-9.497665545113287422e-02
-8.577747223159575274e-01
8.319450971065351919e-01
-2.321301649235487652e-01
-9.661180097672281697e-01
7.540294743966098334e-01
1.901409854632469809e-01
9.097790122553668368e-01
0.000000000000000000e+00
7.432564945225768049e-01
7.543158382071823986e-02
0.000000000000000000e+00
2.263634518379191718e-01
-4.837166621857980076e-01
5.462126271844498504e-01
5.983935782513902790e-01
-6.795821441340812452e-01
-3.114622762332031058e-02
8.319628433738606166e-01
2.032551238670110560e-01
9.851257671678714800e-02
-9.766329657846830603e-01
0.000000000000000000e+00
9.830415240173822067e-01
1.672851800302614933e-01
0.000000000000000000e+00
0.000000000000000000e+00
0.000000000000000000e+00
8.988889128413533047e-01
1.087318691796670400e-01
2.156210559520526093e-01
-6.228109229125835533e-01
8.089985840548208351e-01
8.478225327414179446e-01
-4.793952115667512448e-01
-5.622344588858079195e-01
4.652891635865241682e-01
-4.739845455057953849e-01
5.616894242977188423e-01
