5.289009646707003576e-01
-3.037087023587188295e-01
4.541096082454718630e-01
1.647500801862349373e-01
-8.543076138990042256e-01
4.404245838049221096e-01
4.819142715872335447e-01
-9.744626185586473532e-01
9.487565719756478888e-01
4.904951042625473878e-01
-7.171331658775246254e-01
4.258703507446102154e-01
0.000000000000000000e+00
-9.241389371057768809e-01
6.223282826111404820e-01
-3.919281956909632658e-01
-6.712913699790847843e-01
3.369314733106616444e-01
-2.642695928512561743e-02
-4.666429062346657552e-01
7.722847319467380789e-01
-7.999111654712314223e-01
-3.811819759076495728e-01
-3.094719229695002127e-01
1.558515544297454092e-01
-8.677217673220678495e-01
1.227945089068498419e-01
-7.277339099595292460e-02
0.000000000000000000e+00
-8.761643621235195578e-01
-3.776233125479036001e-01
0.000000000000000000e+00
-5.354036678163631713e-02
-1.400213004354404767e-01
1.372237329200425293e-01
-7.631704657124611657e-01
3.874312743003647252e-01
5.831127225025212191e-02
3.424250794960492783e-01
-7.607956765180585723e-01
-8.949273273622584401e-01
0.000000000000000000e+00
5.598037664195480989e-01
6.942541168582272437e-01
-8.996052984520765960e-01
4.793539081891133868e-01
-3.694177515234176035e-01
6.096257779743456950e-01
9.252319930998049724e-01
-6.053342612658225708e-01
-4.554802090543330628e-01
2.342242516218222548e-01
3.740047118238565282e-02
1.000000000000000000e+00
-6.032775826631640026e-01
0.000000000000000000e+00
1.696730551042926471e-01
-5.085018295862964166e-02
6.959664152848124008e-01
0.000000000000000000e+00
-1.871222506147292020e-01
5.134010999730225233e-01
8.616294805244990584e-01
-4.045228817338422100e-01
-9.064658421638835950e-01
3.975301494981142714e-01
-7.648038387291642426e-01
3.533603096325192983e-01
6.445540551709616484e-01
9.393618293461543090e-01
-1.321173511928792621e-01
1.020135338569054806e-01
6.485853889617074763e-01
7.176166115325239847e-01
-6.141610368582557378e-01
-5.603076074358377401e-01
1.509095632358103956e-02
1.465389978456521636e-01
-4.114688008529068242e-01
-6.139137649214212455e-01
-4.820961427724383963e-01
6.600955211492871566e-01
0.000000000000000000e+00
3.739005168472786522e-02
-5.866695656416849314e-01
4.260328533281205754e-01
4.905359026451443505e-01
1.939173189400107411e-01
6.634996982353313921e-01
-9.808721140898510882e-01
-5.321023045521795503e-01
-5.173413867552778544e-01
-2.105185647989509246e-01
3.102428929079537046e-01
-9.258117551713715976e-01
9.167061650239587411e-01
9.439957087855512796e-01
9.910698842811531684e-01
-8.118297879614910784e-02
0.000000000000000000e+00
0.000000000000000000e+00
-1.519620374666641460e-02
9.226788297861396870e-01
-8.081313332802892990e-01
4.013313232158788324e-02
-6.334256934519126858e-01
-4.981513353034372482e-01
-5.008818265915715440e-01
-5.615064715246584903e-01
0.000000000000000000e+00
7.286800335880510016e-01
-1.727010250342873032e-01
0.000000000000000000e+00
-4.157816984032527419e-01
9.501095550333917839e-01
7.849105874975308428e-01
0.000000000000000000e+00
2.521634508335766078e-01
2.954064874579511724e-01
0.000000000000000000e+00
-2.785083038350937290e-01
7.117065625691760822e-01
0.000000000000000000e+00
-8.503792750318397431e-01
-4.858222616366745239e-01
-3.820902436820379222e-01
4.058740489196499546e-01
6.201807193890669367e-01
3.733274235402290753e-01
7.572829345169944659e-01
9.626692191239019092e-01
-9.887375548736117015e-01
-4.476058942384362194e-01
-4.719699566290744830e-01
0.000000000000000000e+00
1.436945724009019987e-01
8.388884201345570002e-01
9.882953861886480951e-01
4.515019002513609436e-01
-7.242998364942421219e-01
0.000000000000000000e+00
6.257917313139647053e-01
4.073766919396526465e-01
0.000000000000000000e+00
5.559227281209280225e-01
0.000000000000000000e+00
-4.354303118503490833e-01
-1.490287376118661911e-01
0.000000000000000000e+00
-4.945725269619050124e-01
-3.977760027055139425e-01
2.753195091832636443e-01
-7.324177529475579540e-01
0.000000000000000000e+00
-8.103144201912295674e-01
3.004380067303273893e-01
-6.950209083832183943e-01
9.656822244215934603e-01
-4.733332020774838611e-01
-7.350322808605704861e-01
8.140340289968117649e-01
0.000000000000000000e+00
8.198652843289091496e-01
-6.500283195515013102e-01
-3.335032631784689006e-01
3.194005715007774970e-01
1.913690963531571310e-01
6.072351992173792290e-01
6.189549215737304433e-01
2.387835552079540236e-01
0.000000000000000000e+00
-8.369546534666727489e-01
0.000000000000000000e+00
-8.583002732374178656e-01
-7.127659525802276796e-02
0.000000000000000000e+00
1.211227357768338564e-01
-7.722785002595728976e-01
5.404187804122133620e-01
4.629307063462611005e-01
-5.982036245258153251e-01
9.637245516608863305e-01
7.101394981642858983e-01
-9.265275957680483288e-01
-4.386318370690107660e-01
0.000000000000000000e+00
8.060164719364382169e-01
6.289257946972328650e-01
5.973826242730151392e-01
3.322753731561536306e-01
-7.361945697979248582e-01
8.016968605072949394e-02
7.666732644219278470e-01
-7.451161055722228532e-01
-8.693350517771312180e-01
2.651088305707927084e-02
8.107649726054644290e-02
0.000000000000000000e+00
8.619469520090294878e-03
0.000000000000000000e+00
2.226157804974873144e-01
4.905158146587007550e-01
8.404783083118587683e-01
-4.128165672418384613e-01
-1.809576376740564818e-01
6.413008163683171503e-01
2.785928737939373789e-01
-1.079180047274501675e-01
2.975594483688388525e-01
-5.858687509916165048e-01
0.000000000000000000e+00
-1.875082075417997540e-01
-4.459281194964885842e-01
4.574987564311387978e-01
5.471572472766239592e-01
0.000000000000000000e+00
-9.382331421660015103e-01
0.000000000000000000e+00
-5.606343437668248608e-01
1.598728853006070594e-02
5.632929625027127685e-01
7.465568125822961143e-01
3.085954413486642345e-01
7.148031043260112405e-01
5.355004141740435930e-01
-1.572653757460416024e-01
-5.968256530409445926e-01
-4.787131462106186675e-01
-6.653342385192317909e-01
-1.842579683253142697e-01
7.016594333926264859e-01
0.000000000000000000e+00
7.207196680120642185e-02
8.190011295933017355e-01
0.000000000000000000e+00
-5.016768264127202670e-02
5.790284468188875433e-01
-2.242219858239244967e-01
2.946054381427405389e-01
4.087319059116572006e-01
-1.917978148985706177e-01
8.404358742244411040e-01
8.880475111837817792e-01
-1.463905543841004242e-01
4.723766177346704342e-01
7.687067065764714435e-01
-2.763090411940865021e-01
-8.151327769618523789e-01
8.500701137517849837e-01
7.522003231167173620e-01
-1.121828709621308651e-01
9.272619268339408194e-01
-6.901632447614722832e-01
2.372820004881366351e-01
0.000000000000000000e+00
-8.587198363254360256e-01
1.291860883824282880e-01
-2.910355656128762458e-01
2.670729932390458750e-01
-2.766110582970413567e-01
0.000000000000000000e+00
-4.375220709521292495e-01
1.178288783908854054e-01
3.411221873383691872e-01
-7.130199886891761540e-01
