0.000000000000000000e+00
6.948765403222385562e-01
0.000000000000000000e+00
-5.386245311164856719e-01
0.000000000000000000e+00
3.824265494940723986e-01
6.456749193190414182e-01
7.672022364124524429e-01
-5.525525012580752016e-01
5.081140416101099788e-01
1.035039172084071257e-01
-4.434186201914473990e-01
6.934717891178947546e-01
-8.464171322603029068e-01
-2.442630341819906903e-03
0.000000000000000000e+00
3.897595524902965902e-01
0.000000000000000000e+00
-7.707323098374885273e-01
8.825147722151989171e-01
-4.999511705735728562e-01
-8.599256777754595849e-01
6.591350813974443668e-01
-7.357845479227029806e-01
-9.082632757439956794e-01
-3.469399693042869437e-01
-7.647203525742061192e-01
0.000000000000000000e+00
-2.944645649380306374e-01
1.564893164023064553e-01
-1.976241393993953821e-01
7.928251631532263755e-01
1.000000000000000000e+00
-8.198923438683305420e-01
-3.434971270060582782e-01
0.000000000000000000e+00
0.000000000000000000e+00
-1.794482363305993644e-02
-2.643199306645227509e-01
-4.132135543232164920e-01
-5.549412990359861020e-01
-2.061792362585384009e-01
7.033001209096407802e-01
0.000000000000000000e+00
-5.188085162637456893e-01
-9.683641445370929635e-01
-8.975828298300621011e-01
0.000000000000000000e+00
0.000000000000000000e+00
8.708833955407255800e-01
6.899292039928743847e-01
3.187559634240000328e-02
-3.054864440761460020e-01
3.297681714224480753e-01
1.676760781922681520e-01
-8.625423080199390302e-01
-5.289101534630853418e-01
-3.554372016913838195e-01
2.813356154791444297e-01
0.000000000000000000e+00
-4.137974535445065882e-02
1.328561614531660329e-01
-9.135560312479422684e-01
-7.773926705584484065e-01
6.442334553558863863e-01
-2.892039259784056071e-01
-2.297842041242035283e-01
8.193003511425975827e-01
-2.586224851844856065e-01
-3.614417314920534974e-01
6.937497456184087419e-01
-6.704371705947331783e-02
-9.499845526163157583e-01
1.000000000000000000e+00
-1.796110164855289071e-01
-5.923723560703113566e-01
4.132768384864846656e-01
-7.802279385048935811e-01
6.403283256002745283e-02
1.644563816108777221e-01
3.769618897955486769e-01
8.089367234278237451e-01
6.189966259158177220e-01
-2.278923944985398187e-01
-5.388110711083105020e-01
-2.531071810632896657e-01
0.000000000000000000e+00
-6.508781381532413590e-02
0.000000000000000000e+00
-3.516697045890564421e-01
0.000000000000000000e+00
4.179059160423392871e-01
7.179738383989340278e-01
-9.774232226635317655e-01
0.000000000000000000e+00
-2.992214115422404674e-01
-3.947281745402293485e-01
-7.066300176454367588e-01
-9.841038011698755028e-02
-9.775953931294736332e-01
1.738700822054433104e-01
1.551053190779165813e-01
8.633796174234296128e-01
-1.676203580316670827e-01
9.708850690213275403e-01
6.483499658786762154e-01
-9.551489955345313643e-01
-7.471773156799441651e-01
-9.445572642998707469e-01
6.551602981844057982e-01
0.000000000000000000e+00
-5.359691235319639091e-01
-8.310153312041932416e-01
0.000000000000000000e+00
-2.164353202012405664e-01
2.537405236602168213e-01
0.000000000000000000e+00
3.331869387296226837e-01
6.226713420995819703e-01
2.222453273461906242e-01
-9.381522686502579145e-01
0.000000000000000000e+00
8.888539624328881672e-01
5.984821302948510890e-01
2.862621974981198747e-01
-1.437411355367723687e-01
2.070724025864223439e-01
-6.740848514927422208e-02
0.000000000000000000e+00
2.245582477215297690e-01
-6.923080891845199147e-01
-8.604467059968223808e-02
-9.911571547658237780e-01
-6.690155690421164536e-01
-8.640070521437108741e-01
-4.756931382550164678e-01
1.446302347755490381e-02
8.191550981079418481e-01
2.829407749860339827e-01
-7.328096275728350761e-01
-8.409604878258607474e-01
-1.080682220015112271e-01
-7.034220188817217334e-01
7.183387777633003513e-01
-9.570315853629787206e-01
7.844504623383603548e-01
1.658643307767158070e-01
8.777868527838428303e-01
-1.444510841630759490e-01
5.586377834429867573e-01
5.917355162684307945e-01
6.889024049212699730e-02
-2.878338502013437772e-01
4.394607895961577526e-02
3.483383842558114285e-01
1.103724328927091491e-02
-9.019823096388275285e-01
4.003594773212060254e-02
0.000000000000000000e+00
5.156069249943804333e-01
4.324555061942845224e-01
5.806648150063955516e-01
7.489029436067544676e-01
2.408499658235270235e-01
9.523968356000165336e-01
9.860553986610276489e-01
4.764008221965663203e-01
8.207723481455293513e-01
5.367174343543503756e-01
-4.359480167044791354e-01
0.000000000000000000e+00
0.000000000000000000e+00
4.603233468600811396e-01
7.459960534224894246e-01
0.000000000000000000e+00
2.885144634287684084e-03
-4.798633703780499360e-01
-8.043507094889128517e-01
-7.704621094599513054e-01
1.028619089994458058e-01
-2.350922843369536164e-01
-8.229867602283131856e-01
-6.808929112931385585e-01
-5.712998338736368087e-01
8.208360962362670765e-01
-8.542221715302213969e-01
-4.657515436416848065e-01
9.936919838360727120e-01
-2.978027040047996898e-01
0.000000000000000000e+00
6.915347946892365094e-01
7.087798426827005560e-01
0.000000000000000000e+00
0.000000000000000000e+00
5.010484754832822407e-01
9.620804864290544156e-01
-9.722167747427516993e-01
4.649035571550659274e-01
-6.759428140621761560e-01
-6.121237520589333236e-01
1.081138698999510872e-01
6.762280614100317777e-01
1.203215945466962200e-01
-9.733620738322068533e-01
0.000000000000000000e+00
-1.127960804771788172e-01
4.519892624381260937e-02
-3.595091625551782855e-02
2.049556211198604316e-01
2.551826250284399134e-01
-9.033999527829290610e-01
-2.342296807728705410e-02
2.610167092856285898e-01
0.000000000000000000e+00
0.000000000000000000e+00
2.722458289666842557e-01
5.561979864903081605e-01
-4.716355268890908281e-01
-5.532033371744886630e-01
-3.687611303091402615e-01
2.604946485609560547e-02
-4.388286575771231934e-01
-7.365340397921524840e-01
6.265431763249966757e-01
-6.615328232260653252e-02
8.674094628419155573e-01
7.547304329228146091e-01
-8.647239995903477361e-01
0.000000000000000000e+00
-4.040781212127388944e-01
7.722638832470485326e-03
-9.669949337882841611e-01
-6.917814557379677876e-01
5.677531377856177564e-01
0.000000000000000000e+00
-8.089789555604929294e-01
-2.407393346688480040e-01
3.274983279393051117e-01
2.303484834874398590e-01
6.340699315513893541e-01
-4.278649703604657795e-01
3.910108905790510292e-02
1.857000748285368985e-01
1.000000000000000000e+00
9.602745739289217930e-01
6.302098982534176663e-01
-9.861505461704307418e-01
3.213113490164418717e-01
-1.907655549347224699e-01
7.062483987890750825e-01
2.310309870021514111e-01
4.895267481218827932e-01
7.557066075152054641e-01
1.338923644146290393e-01
6.921184538642293216e-01
-3.545829038472179118e-01
5.658383502407096088e-01
8.419723488274699630e-01
5.350442807968280867e-02
5.511177431116021097e-01
0.000000000000000000e+00
-3.081585675218356801e-01
0.000000000000000000e+00
5.008647059645132682e-01
3.362781989394969528e-02
