7.723468517742080319e-01
0.000000000000000000e+00
8.086097826686504675e-01
1.000000000000000000e+00
-7.259114965434121380e-01
-7.331394481891257975e-01
-4.552610497991411709e-01
1.278103661037031102e-01
-4.473652709961328799e-01
8.877328834590689777e-01
9.134018678069240060e-01
-2.069333625775484631e-01
-7.384051478243591760e-02
-9.766059571835719044e-01
4.697953723996350917e-01
0.000000000000000000e+00
-3.621715939566438891e-01
0.000000000000000000e+00
7.575661892891649707e-01
6.303214794869738125e-01
-6.763562728367686905e-01
-4.820873106518923645e-01
5.364717264538043651e-02
-9.474099069344978918e-01
6.545424546333802329e-01
-1.459285149289661909e-01
9.619656734534172138e-01
1.056169946495095768e-01
2.541183431855953412e-01
0.000000000000000000e+00
7.227829933202203350e-01
0.000000000000000000e+00
-7.376379173031133440e-02
7.124523403050706527e-01
2.621611067469555856e-01
-1.201285726333389814e-01
0.000000000000000000e+00
-5.459515502510692286e-02
-1.734100610813265053e-01
0.000000000000000000e+00
-8.393802592749699532e-01
0.000000000000000000e+00
-4.262785826321469074e-01
-3.671119546316787829e-01
8.253228622708070894e-01
0.000000000000000000e+00
2.968151770530000899e-01
6.858156275152529346e-01
-4.147603594813880079e-01
0.000000000000000000e+00
0.000000000000000000e+00
-7.803177403379850663e-01
-7.299905847920085122e-01
0.000000000000000000e+00
-4.553432497292038139e-01
9.192029142409847697e-01
0.000000000000000000e+00
-8.704002711657747859e-01
-4.335650493656222348e-01
0.000000000000000000e+00
2.376191379756336097e-01
-2.699936606913466708e-01
-6.165766943819603885e-01
0.000000000000000000e+00
0.000000000000000000e+00
0.000000000000000000e+00
2.324241346915312256e-02
0.000000000000000000e+00
6.425970766838686732e-01
3.956208987823934820e-01
-1.021068748373994417e-01
0.000000000000000000e+00
-7.012209995024027975e-01
0.000000000000000000e+00
-6.452063081979184656e-01
0.000000000000000000e+00
-6.419526997917099909e-01
5.819522579638201076e-01
-1.465464439186441314e-01
-9.159656155706137337e-01
9.931870992013114297e-01
1.000000000000000000e+00
2.613417637982824449e-01
1.000000000000000000e+00
2.182123422349688813e-01
0.000000000000000000e+00
-2.960699799702171120e-02
4.182170456120744007e-01
1.473821430418662537e-01
7.732553960394832337e-01
-4.508465401130663519e-01
7.561593399186155029e-01
8.725249788027606979e-01
8.743971347329786425e-01
-9.958276314161633724e-01
6.586253435244937560e-01
-7.943951777079194532e-01
4.552250200435641325e-01
-8.667938127333874032e-01
0.000000000000000000e+00
-4.509337272852904643e-01
3.245717551504618825e-01
8.212972356649663741e-01
0.000000000000000000e+00
-6.364169741361618282e-01
0.000000000000000000e+00
0.000000000000000000e+00
-1.433436665852834135e-01
-5.154910489037065613e-01
6.628138080856125214e-01
5.598002887100081981e-01
9.748725387807448683e-01
-6.522486019849891292e-01
-1.154622642770375407e-01
-2.514412510349870455e-01
7.586809504215166200e-01
-4.611777208684981755e-01
7.335850682016902269e-01
0.000000000000000000e+00
-1.493940004951468392e-01
-6.889801711890672919e-01
0.000000000000000000e+00
1.000000000000000000e+00
0.000000000000000000e+00
-9.692978776076288661e-01
0.000000000000000000e+00
9.362306051330979706e-01
5.688148785122562057e-01
6.966457517570918689e-01
0.000000000000000000e+00
0.000000000000000000e+00
-5.535305309503475435e-01
0.000000000000000000e+00
0.000000000000000000e+00
-4.367829379963219516e-01
-9.685135105256454935e-01
-9.555901211915385218e-01
8.931007932024617180e-01
8.598066949322924479e-01
-5.309028594406393076e-01
0.000000000000000000e+00
-8.400959192267227760e-01
-9.424697381945761343e-01
0.000000000000000000e+00
3.916352707344112893e-01
-1.363531427561708309e-01
0.000000000000000000e+00
-2.272000655664159208e-01
2.526112554341806149e-01
3.001182418501926463e-01
4.573784957746434010e-01
-2.740199364780855351e-01
4.380483700125192836e-01
-6.712571945505114712e-01
-2.767494264591514597e-01
1.482511518931346473e-01
8.603419430458882911e-01
-9.873250785499996240e-01
0.000000000000000000e+00
5.756569131369067005e-01
7.560690670851066830e-01
-6.853992201967511466e-01
2.382732380329393163e-01
-2.108074371013772819e-01
6.131689215157825057e-01
-5.901255131466238701e-01
9.662710307676480870e-01
-4.695345495089231491e-02
6.791687352538882116e-01
4.500412774505901936e-01
-7.580499257868118512e-01
-9.169554914016688763e-01
-2.110064928295711795e-01
1.224928668762845785e-01
-8.021167263894635191e-01
7.206693183248669143e-02
0.000000000000000000e+00
-6.873462589411079016e-01
-4.362491492388771430e-01
2.079852459517546048e-01
8.902459904627315623e-01
0.000000000000000000e+00
5.554711300760197812e-01
-7.673679842363103631e-01
8.529219165436436878e-01
-8.300645750477666507e-01
0.000000000000000000e+00
0.000000000000000000e+00
6.606135299594244614e-01
-7.025502532705718561e-01
0.000000000000000000e+00
6.156165422098067719e-01
-5.321494825364077030e-01
-8.582141786073802514e-01
8.238627509875851018e-02
-4.848349411854588897e-01
1.231749245549984551e-01
-3.670265112194335266e-01
0.000000000000000000e+00
4.619621164600604679e-01
0.000000000000000000e+00
-3.401805270429891781e-01
-5.271831837839586754e-01
1.973590277999444087e-01
9.408581671523352785e-01
-6.851239319874324885e-02
0.000000000000000000e+00
0.000000000000000000e+00
-3.909922850085754131e-01
-7.719762729395098777e-01
0.000000000000000000e+00
-3.660694433257607461e-01
0.000000000000000000e+00
3.650664678515638251e-01
-5.504089523020292418e-01
0.000000000000000000e+00
5.581075874334255893e-01
3.922632645087562597e-01
7.965887235659050436e-01
6.538381837772413441e-01
8.092253617667832799e-01
8.900178810323498002e-01
-7.447250988181712827e-01
2.853879976040005761e-01
1.032037752240315687e-01
8.756057968884700671e-02
2.680279370136267048e-01
0.000000000000000000e+00
-9.153436518063953198e-01
-1.482837809503156912e-01
6.353461735675418609e-01
5.517373576717954364e-01
3.681408782201316399e-01
1.167233024308709233e-01
-3.062271363195101515e-02
-8.731451229846114437e-01
-4.632534830066705744e-01
-9.622605338085774562e-01
8.967078366617653451e-02
0.000000000000000000e+00
1.812930966442680702e-01
-3.474689086694089379e-01
7.629165567031004347e-01
8.145494762129927846e-01
0.000000000000000000e+00
-8.481739982944309642e-01
4.264139663154420390e-02
4.390885250068488066e-01
1.000000000000000000e+00
-2.306461419856085104e-01
-7.477581074920669479e-01
1.000000000000000000e+00
0.000000000000000000e+00
-5.162081349356153481e-01
0.000000000000000000e+00
3.838378198944716324e-01
-6.611253354680659555e-01
0.000000000000000000e+00
0.000000000000000000e+00
0.000000000000000000e+00
-2.228609172137177019e-01
1.000000000000000000e+00
-8.424148582841999300e-01
8.457722678060866084e-01
7.639976799497780746e-01
