8.740766493332525755e-01
2.003529850188301431e-02
8.199450967358343778e-01
-1.017844696366254631e-02
-5.130299560250357604e-01
-9.679418522313447681e-01
8.196324756957009683e-01
-9.966851278968313910e-01
0.000000000000000000e+00
-6.380049459737631157e-01
2.660205128316139866e-01
9.939120154254599271e-02
0.000000000000000000e+00
-5.566798323641901636e-01
0.000000000000000000e+00
7.872562451364197855e-01
2.282848116952538309e-01
4.900363243326648632e-01
4.235910206881521312e-02
-3.772787950258074119e-01
0.000000000000000000e+00
-8.846738824870603590e-01
-5.678307655952898880e-01
-4.245638035977152835e-01
7.708969326115087117e-01
-6.951822775442346725e-01
-3.294120509077183012e-01
-6.459203661274410813e-01
0.000000000000000000e+00
3.840501062373102847e-01
0.000000000000000000e+00
-3.352407493582563180e-01
-3.627066530018221435e-01
6.919383393204554533e-01
7.252411344575402374e-01
6.208302476633642542e-02
-1.620586322246522215e-01
5.619669405851503985e-01
-3.542532951625714244e-01
-2.607227798919056205e-01
-4.838524465505109617e-01
-9.528382455650432625e-01
-7.607568081317064301e-01
0.000000000000000000e+00
-8.675368307954876013e-01
6.923888306039329699e-01
-6.555604701790780364e-01
8.795980574482593628e-01
1.648602137305428261e-01
6.845793454412778534e-01
6.937106215906032602e-01
-1.712025820160891776e-01
-4.090645485407384818e-02
-7.999140761291756441e-02
6.772634146265148480e-01
8.294324017088892109e-01
-4.738372232482126467e-01
8.598917317812406758e-01
-9.346928592736925001e-01
-2.281459231919285013e-01
7.650610303301186299e-01
5.589249427240909895e-01
9.729704345620637795e-01
-4.390668286657719577e-01
-8.482447256276446357e-01
-7.878386233527423510e-01
3.198442535950130061e-01
6.077523133618434326e-01
-7.441352960813916173e-01
-2.025941628206506806e-02
-1.178112269012689950e-01
7.814662655443225248e-01
-2.660770869477868672e-02
-9.790522255568550047e-01
-7.029298418552594185e-01
-5.416603805942539207e-01
2.352942323216256071e-02
2.853751033499629663e-02
-5.626115018653443656e-01
-8.752061874869543345e-03
-8.263480880961004971e-02
8.279076798303717233e-01
3.792766135146223849e-01
5.392432190189406782e-01
-8.211274055477135736e-01
-4.408714312179535799e-01
-7.347021732650360626e-02
-6.502885261888669000e-02
1.062883167807391338e-01
-3.541631336613035863e-01
-6.331764012814482534e-01
4.575674689896513936e-01
7.536843197627320912e-01
9.636865706844182089e-01
-6.537083596757813364e-01
4.474788243069482974e-02
-1.478501717014233385e-01
-3.382228826007902533e-01
-1.940585526394817961e-01
2.340843186916781171e-01
-2.570367622253115769e-01
9.614605024104043718e-01
-3.742392300718386799e-01
3.377386903526133910e-01
3.965370552241278546e-01
5.689777858943427802e-01
8.737451419837940492e-01
-4.582015432720483172e-01
4.947058165371001071e-01
9.625868690943015782e-01
-6.631323650192617603e-01
-5.814658406179018524e-01
7.042408057101452457e-01
1.810859913796081244e-02
6.562722817219355242e-01
-8.318323731246819452e-01
-2.052311123720873542e-01
1.539477045536283839e-01
-8.165710668709356135e-01
8.210915643551319754e-02
3.337456429045859707e-02
-8.254187848082106260e-01
1.310641518523520954e-01
4.401867908476828628e-01
-3.118150468170215461e-01
-9.121378706260954150e-01
7.051745609345481114e-01
0.000000000000000000e+00
-9.679124669514660440e-02
5.061146098166968699e-01
8.400656944747124655e-01
-4.106286495100672784e-01
0.000000000000000000e+00
8.498971011387790320e-01
-4.421980324094891834e-01
-8.491413844365089947e-01
-2.319688461624145326e-01
-9.737890397419868282e-01
9.418468353937756721e-01
-5.465308988354511399e-01
-3.791707264679526901e-01
3.464876984226565870e-01
-5.420077576287387622e-01
-4.222048681990124841e-01
9.882015575615399339e-01
6.088060961718571029e-01
-5.551477668431508139e-01
-1.476878573224522651e-01
-2.075315077083359494e-01
-8.899732230033494673e-01
0.000000000000000000e+00
7.023941740440811099e-01
3.099425447517971666e-01
9.539121521337226017e-01
1.000000000000000000e+00
-7.536840401571980319e-01
2.959583841061059761e-01
7.785710642663206116e-01
5.074896036697071899e-01
2.815584606875802809e-01
5.118704650346657115e-01
-9.259192645490321727e-01
4.978989685129140419e-01
0.000000000000000000e+00
3.241324627867820940e-01
-2.065677957179563595e-01
-1.520390203756551983e-01
-7.501535747392495956e-01
-6.650253237503891413e-01
4.911611860578393163e-01
0.000000000000000000e+00
8.986973269201405934e-01
8.005485921353299172e-01
-4.143101081058087054e-02
-2.300942952836799726e-01
-9.884881888948946482e-01
-3.880531644289337834e-01
-9.897543530371344378e-01
0.000000000000000000e+00
-6.819882098102520995e-01
8.406770889627206422e-01
4.524839963770510565e-02
-6.689295963562782443e-01
-8.499442629815161521e-01
-9.425909127444009883e-02
-4.239814501248386769e-01
-4.144679924521790237e-01
0.000000000000000000e+00
8.725678869376662927e-01
1.785142263411365615e-01
2.684556788162979490e-01
-4.290779289708825939e-01
1.893334965631483513e-01
-1.213534974747914053e-01
-3.502393144719824214e-01
5.321164182246904684e-01
-2.469650268953280658e-01
-8.830707549994458727e-01
6.777278511951612128e-01
5.071578209319571595e-01
9.007498645919165270e-02
-8.911173797057216905e-01
-8.247175561927457821e-01
-7.568179807774833012e-01
0.000000000000000000e+00
-3.246852452918733700e-01
0.000000000000000000e+00
5.163368600916291573e-01
1.417478633223396844e-01
0.000000000000000000e+00
-1.939248013309773366e-01
6.690162335034894880e-01
-7.106589773149527556e-01
-2.530878017770366029e-02
-5.407987235130935488e-01
-9.736930281847648860e-01
3.054067535232718456e-02
4.733416248018051942e-01
3.266325786147696864e-01
1.830830114762320715e-01
-9.135314225078716710e-01
-2.520560857529048349e-01
7.147179731390711499e-01
-3.704550460132702838e-01
4.790353058214840143e-01
-7.744984754008013006e-01
-1.793617051871265744e-02
-2.408306246493296943e-01
0.000000000000000000e+00
8.728587445023943125e-01
-9.739390156193774573e-01
-6.960107697841049212e-01
4.287226807130164463e-01
-8.374297992046120243e-02
7.144454155302852882e-01
1.211074692228393257e-01
1.762058086339250984e-01
1.788476820065267869e-01
3.889609104199991396e-01
3.251130155603323413e-01
2.740286793739419302e-01
-9.705297055059358691e-01
-5.544998955470208379e-01
-1.175370043352874649e-01
-6.879211042447268554e-01
0.000000000000000000e+00
-3.660045146997461529e-01
9.285347916946373736e-02
4.089650053199105351e-01
0.000000000000000000e+00
-7.167626981844144041e-01
-3.267941502287226019e-01
-8.891202076425941403e-01
-3.246980979525544431e-01
-8.447794521729454775e-01
0.000000000000000000e+00
0.000000000000000000e+00
-4.592422861986065197e-01
0.000000000000000000e+00
0.000000000000000000e+00
0.000000000000000000e+00
1.282242159592286157e-01
3.941917400001160310e-01
0.000000000000000000e+00
3.839719395694212167e-01
