2.374772505479514351e-01
7.131571872029538461e-01
2.154010354648867587e-01
-2.386438116650047014e-01
0.000000000000000000e+00
-4.257583013136188033e-01
-9.297711322396464695e-01
3.402598831608509844e-01
0.000000000000000000e+00
9.832148580228645685e-01
-8.652013046421433984e-01
-7.995326495434644798e-01
9.963031297501714345e-01
2.836811886968702012e-01
3.909226726976886557e-01
-5.508599421211772817e-01
0.000000000000000000e+00
-6.470549694488585413e-01
0.000000000000000000e+00
-5.147445036323918810e-01
-2.957103813981591944e-01
1.473102215160104755e-01
4.017659024879649543e-01
4.290943675105387545e-01
6.292772455228701212e-01
-4.623935097234148639e-01
2.725043621622398327e-01
4.947462091663212824e-02
5.830647155889867594e-01
4.798536733382863240e-01
6.149543130260413104e-01
7.748288606471451789e-01
3.389690204633686310e-01
-3.731260771072419935e-02
-1.593845183898099371e-01
-2.488472105805819012e-01
7.299884475262772288e-01
-5.666664325591495022e-01
-4.923167041386182774e-01
0.000000000000000000e+00
6.421654992030811915e-01
-1.956890570403544416e-01
7.202748195673704945e-01
-7.458262100702530706e-01
9.994234968511357398e-01
-7.366996370230471936e-01
-4.329762401721333198e-01
-5.592905259120688477e-01
-6.728576329896200914e-01
8.609065093599252982e-01
-2.902139165847117397e-01
6.491761198865966254e-01
5.948739600766987934e-01
-8.969337765755045488e-01
-5.225615107079841781e-01
-8.202141439536838607e-01
-8.488994339292181834e-01
5.770541803999316155e-01
-4.799789317209304240e-01
6.934250888825039816e-01
-3.394099883422547759e-01
-2.149236157812346448e-01
-6.717249048703275438e-01
-2.760713014623847883e-01
-2.967030244355119972e-01
-1.045088860427711985e-02
0.000000000000000000e+00
9.708283803157276015e-01
6.996245004213939023e-01
0.000000000000000000e+00
7.011251220379806082e-01
-1.836701092769292831e-01
-9.620431022056061821e-01
-4.868270150587068468e-01
-1.576791462005786570e-01
5.500368951424270403e-01
4.344576089005269814e-02
8.209251887908013412e-01
0.000000000000000000e+00
0.000000000000000000e+00
8.231710375088467924e-01
8.526575552680977221e-01
0.000000000000000000e+00
2.012645733964721906e-01
5.269375989800872961e-01
3.646391866926375069e-01
-3.905374232815894686e-01
-3.900169990569568590e-01
-5.003327022740029495e-01
2.365517754394383942e-01
-2.749772526400102723e-01
-1.232221013517127428e-01
1.526980195272062968e-01
-4.841452957022529535e-01
-6.303127885777166650e-01
3.352629000978784024e-01
0.000000000000000000e+00
7.020277109643249247e-01
0.000000000000000000e+00
1.334193615037546632e-01
-7.536446994612120420e-01
-3.307344633316910976e-01
9.059132980888218167e-01
8.180933134538317386e-01
1.521253570196516858e-01
-4.290283228009208472e-01
3.676346657947386909e-01
4.649119140440372000e-01
-9.882297670275510537e-01
8.598210489670776724e-01
-4.707907747971076251e-01
-2.636302993289572072e-01
2.492171589780767249e-02
8.286230404885661649e-01
9.388446664219562976e-01
-9.314027699091433909e-01
-9.841536663272210106e-01
-3.367211909279537174e-01
-8.009045842225912537e-01
2.313912081159779088e-01
-4.468779841680943221e-01
7.358121942033055696e-01
2.161520257254680999e-01
9.862042856598582929e-01
1.642196514033713584e-01
4.958465369407714096e-01
2.648248728195221613e-01
8.298503580326035411e-01
-5.097095251107257585e-01
7.625817243580863547e-01
1.328225730132353011e-01
0.000000000000000000e+00
-9.277214608768620252e-01
-5.084484256327839180e-01
-7.322319587536634256e-01
2.506483408152115899e-01
6.361456628407080593e-01
-2.353350701354339769e-02
2.388429849374062997e-02
6.905039990847785525e-01
8.010273327208792260e-01
-1.465886162017466798e-01
1.790324606343518532e-01
-9.606746910651979832e-01
-1.360112910146800136e-01
6.662342201614797066e-01
7.033701015894411324e-01
3.336261238042521615e-01
0.000000000000000000e+00
0.000000000000000000e+00
-6.098744818261083722e-01
3.371329932806317320e-01
-1.557425982166786849e-01
5.991015199004390279e-01
1.063052324994750997e-02
1.040751639417940577e-01
-6.892584314427028236e-01
4.657091134627378004e-01
-6.957617692764810347e-01
-6.794921634782744579e-01
6.655461963409692316e-01
6.022121892268637033e-01
-9.352602749214182776e-01
8.877943825749554652e-01
-1.214551248497006686e-01
-8.689460567677917968e-01
4.714816866567370646e-01
-2.433182024158728751e-01
6.594105452839229553e-01
0.000000000000000000e+00
-8.420055710644560598e-01
-6.798715050276855631e-01
2.966151533768341952e-01
-6.191236640029362803e-02
-1.650129932430759450e-01
1.575242933276141954e-01
-5.426876054420690654e-01
3.834267749571451667e-01
-1.465727902159759122e-01
3.179548226090391783e-01
0.000000000000000000e+00
0.000000000000000000e+00
4.066518650326913509e-01
8.194803493056219690e-01
7.261321764127728340e-01
8.554802241055643464e-01
-2.206159836397383334e-01
-5.036548122375261727e-02
-5.677282763841884350e-01
1.791857717986879983e-01
-9.056037982884033166e-01
-5.728859598209716797e-01
6.755425352152870655e-01
-6.984088883120207480e-01
9.628713913008173364e-01
8.000143814237146156e-01
7.001016082140816277e-01
2.381906859963469625e-01
-7.579834295569691793e-01
3.489031508181383856e-02
6.849285433215530627e-01
0.000000000000000000e+00
0.000000000000000000e+00
-3.300781717342944344e-01
2.208806397631204455e-01
3.725467424415884743e-01
0.000000000000000000e+00
2.963102408656448361e-02
-1.091193169422728371e-01
1.432560841265220208e-01
-2.711341398278890313e-01
1.181797098290746639e-01
3.557124224053000994e-01
7.135654092821830385e-01
2.123787842533828574e-01
-2.149025139119120631e-01
-9.654982718843569955e-01
8.206167387074165820e-01
6.941333296404297304e-01
3.420498788640384813e-01
-8.870614999038706205e-01
0.000000000000000000e+00
-8.228745260374794590e-01
2.804965428523626958e-01
0.000000000000000000e+00
-8.971482999791402513e-01
-9.228566270751898948e-01
-4.870229777757728584e-01
-4.089261238893155959e-01
5.797246626058418784e-01
5.386191287069788114e-01
-2.176695975762947821e-01
-9.489544335937802888e-01
9.393632561797276015e-01
3.152576490081206995e-01
9.745954509699714663e-01
1.558147144155501707e-01
6.039119736851519260e-01
2.551518256497613546e-01
-7.486211825246624763e-01
0.000000000000000000e+00
-7.245618776748534717e-01
8.283982808941854348e-01
-1.552275887330243354e-01
4.879363583597315923e-01
-7.064044863377614281e-01
-3.367165098668962742e-01
6.479482873572817159e-01
0.000000000000000000e+00
3.196385715013665418e-01
-5.174021492120055576e-01
-6.006860834174734265e-01
-2.163691967447072262e-01
-6.554457770950445905e-01
2.296187460951710779e-01
-9.836279332116992791e-02
-8.569576093256168203e-01
-6.582218380156190651e-01
-7.183690081948412853e-01
1.606315916398151078e-01
7.989276549509891634e-01
-3.102125109617759335e-01
-3.684199312276130733e-01
4.178690892042136174e-01
-4.522364562362215512e-01
