9.299623088802431159e-01
-7.298448410952322885e-01
-3.048820244677665769e-01
-8.739361492164554601e-01
7.003497076496105755e-01
7.008978834289258941e-01
6.638942899240769524e-01
3.180307000727333744e-01
0.000000000000000000e+00
-7.056028940103657998e-01
7.449098690063036265e-01
-2.629329451855393351e-01
6.810609908427875947e-01
-5.803258207234127664e-01
0.000000000000000000e+00
-8.794615445294127198e-01
-4.950311030723613115e-01
3.227032411831793901e-01
6.775570787859042099e-01
0.000000000000000000e+00
0.000000000000000000e+00
-5.987824083615287396e-01
9.018114243109991435e-01
9.433603673272377144e-01
1.377616445745852847e-01
4.736667095224813551e-01
0.000000000000000000e+00
-3.873485220945189766e-01
2.208528649159942070e-01
-5.112331941201595509e-01
1.991062771550633492e-02
0.000000000000000000e+00
1.000000000000000000e+00
0.000000000000000000e+00
-7.586660657976092015e-01
0.000000000000000000e+00
2.406422998657908874e-01
0.000000000000000000e+00
8.704243504538686782e-01
6.919001945467657677e-01
-7.939017500719678377e-01
1.299006094170167547e-01
8.395350159568069071e-01
3.636728917273579498e-02
-6.467748068343754930e-01
-1.038119972270374891e-01
-1.179187676019191056e-01
-4.540477495537837971e-01
4.909819701650177670e-01
6.177385402533592806e-01
-3.141796689937952358e-01
-9.997299165354134320e-01
0.000000000000000000e+00
0.000000000000000000e+00
-3.910422596088811709e-01
9.762738171557465705e-01
5.707976973735278126e-01
7.203654981284137726e-01
9.991094277259289225e-01
0.000000000000000000e+00
5.505008051274629111e-01
0.000000000000000000e+00
1.954802988345520909e-01
-4.797471153728991577e-01
6.493597375496196200e-02
-8.388799447723644942e-01
7.877745497467729674e-01
0.000000000000000000e+00
9.981954457436694739e-01
6.503575641613841274e-01
0.000000000000000000e+00
4.939109067060927227e-01
-9.698287302947821154e-01
-8.865700223184938000e-01
-4.462409114273027111e-01
-6.361337778981819291e-01
-3.978733242495482436e-01
9.894149726957577329e-01
1.221634809563569846e-01
-3.470985570161981837e-01
3.536095250146926716e-01
-5.851143434887084993e-02
0.000000000000000000e+00
9.754275092279725001e-01
7.198675578879702996e-01
-4.139670684793297362e-01
-2.073866645749000703e-01
-1.110844106036388279e-01
-1.466095179691253581e-01
-9.083170523293380150e-01
4.982671756047474254e-02
-9.766524642946918799e-01
-5.349888813959062794e-01
-1.574755367451263766e-01
-8.005946463852398054e-01
7.928711347828982792e-01
-1.298715744145877427e-01
0.000000000000000000e+00
6.151631737130542898e-01
-2.479256529966040734e-01
3.598111336377409764e-01
7.347650653835442469e-01
-1.803286869181441876e-01
-4.439859835666994936e-01
6.284522112821080420e-01
3.704420358651012712e-01
-6.389298351342476145e-02
8.253952083886217927e-02
0.000000000000000000e+00
1.613252188489215921e-01
-9.622649120733168804e-01
5.813372691869878039e-03
8.080947686254165152e-01
3.535466378476999072e-01
-2.535903044465315226e-01
-9.569017104363386483e-01
8.406504529004574788e-01
7.410055847348675506e-01
-8.316161709809966052e-01
0.000000000000000000e+00
-1.766876280581450853e-01
8.691951301068145952e-03
2.208404085172890330e-01
-4.249978428687211096e-01
-2.329608339791153782e-01
-2.510907546077307817e-01
4.269553873887521611e-01
8.216070218062729857e-01
7.955312097989293285e-01
4.439454396127651137e-01
-9.644271831719120058e-01
0.000000000000000000e+00
-4.098020305333032187e-01
-2.220354566806495011e-01
6.308832234544452522e-01
-5.055521919645613593e-01
-6.805487966518790621e-01
-4.219786413238968414e-01
-4.480695219741985813e-01
-2.222725316003404394e-01
7.101930124032242997e-01
-9.548441122388513502e-01
-3.075133585209388620e-02
-9.444380431026513367e-01
-6.316607279251869045e-01
7.008967501185447979e-02
4.882792362347017079e-01
4.595015172095846534e-01
5.030624514244501633e-01
-6.319734725693719746e-01
5.145057392725904677e-01
1.186249763309055183e-02
1.720955131908992186e-01
-6.510307261635635001e-01
2.886871431547182176e-01
0.000000000000000000e+00
-9.506287273675091409e-01
5.900406968385072393e-01
-7.865250261996474812e-01
5.212069452681615811e-01
2.883427985610815814e-01
6.120797455118485164e-01
6.986771974322700807e-01
-6.752824196949134272e-01
-1.796806003491360215e-01
-3.055531865740706010e-01
-9.428370921719231301e-01
6.175880235582968947e-01
-3.098435692730248103e-01
-6.911083950935030806e-01
6.892742638367370667e-01
0.000000000000000000e+00
8.760302144199294538e-01
-6.393184169810492978e-01
9.043173891062554759e-01
3.776331150844087770e-01
2.667350311802687557e-01
-1.004631798647646068e-01
2.180083664349599104e-01
-2.447259756526671826e-01
-6.916584566990886529e-01
0.000000000000000000e+00
1.138281677969814609e-01
4.948182252662225444e-02
-6.053428172194392776e-01
-5.843778390463352235e-01
7.229860571344783882e-01
-6.115329093798571591e-02
-7.824090097073577166e-01
-2.066600187892553286e-02
-3.767983145176232451e-01
-6.737125966911581276e-01
4.260346837139583620e-02
6.037564403988078254e-01
1.238331670081134206e-01
5.324667388792811984e-01
-6.138944320357606621e-01
4.826885683325548015e-01
1.469051937084728809e-01
-8.805451035432458884e-01
-4.254738471980459291e-01
6.535322507772620693e-01
-3.546334406491875590e-01
1.548040345410797158e-01
-9.020636068468861346e-01
-2.322539127053733221e-01
6.918618439057249159e-01
-3.164220573283111904e-01
-6.217625504428934136e-01
1.049923697051278193e-01
-7.581760434498501233e-01
-5.619722085439387005e-01
9.437859141004998342e-01
-2.638677705106484694e-02
5.045103299638491468e-01
8.918247151448230881e-01
-4.439501047725908922e-01
-2.820389381623420455e-01
3.991029931287399801e-01
-8.745418115716903085e-01
0.000000000000000000e+00
4.640863904080798630e-01
6.240083829868114940e-01
0.000000000000000000e+00
5.420597835635085904e-01
3.536898173909095444e-01
0.000000000000000000e+00
-3.325353400955810557e-01
9.165780913032750554e-01
3.995845497836072457e-01
7.615873835370312595e-01
2.890054579029928128e-01
0.000000000000000000e+00
-7.326346613135277241e-01
5.889138728235843168e-02
8.172714928820332680e-01
9.878885060613804558e-01
0.000000000000000000e+00
5.977657729322243263e-01
2.236608492189149366e-01
8.267685924219085880e-01
2.741087917409823493e-01
7.323940239658155438e-01
8.218138230691385271e-01
-8.782907342635006831e-01
-5.524750689469710707e-01
-3.640567957198550531e-01
-4.275078103325355983e-01
-6.143938478680022186e-01
4.659790762271283082e-01
0.000000000000000000e+00
6.787481079967430109e-01
-7.302062995772204967e-01
0.000000000000000000e+00
-9.857920301491986947e-01
-7.870982196114022500e-01
-6.404035361113613600e-01
9.854476644582736977e-01
0.000000000000000000e+00
7.576423659279871714e-01
-1.282349567830156634e-01
4.858161953042399173e-01
0.000000000000000000e+00
-3.434344737310528473e-01
-6.023358043546125362e-01
