4.409705117912552375e-01
-7.948503211397577317e-01
-6.587552686683559866e-01
7.585258243239492160e-01
-1.656618655446062682e-02
-1.316522399245099173e-01
-7.736159157048034807e-01
3.634370492343859116e-01
-4.122128280911951936e-01
-8.311255021501853246e-01
-5.375663220817803456e-01
3.796235413940289849e-01
-6.799976908008504850e-01
-8.818294094908418757e-03
-6.197341876207107525e-02
7.122162338557633809e-01
0.000000000000000000e+00
6.899837669009218910e-01
-5.662810302965577414e-01
-6.353943081713635532e-01
8.863284886200395452e-01
2.988822235609840394e-01
8.846501410126434983e-01
0.000000000000000000e+00
0.000000000000000000e+00
8.101545234624192293e-01
-3.801968558824369016e-01
-6.739488649727785052e-01
-4.225881900290271442e-01
-6.067223218955322128e-01
-7.844188729824936868e-01
-4.255838259192072925e-01
-1.537291516715189044e-01
3.044892335233821967e-01
-8.243648370801699432e-01
8.303792565485583754e-01
-5.577458200449945114e-01
-9.804284257330886376e-01
-1.481302185074329092e-01
-9.717019356946867692e-01
6.659466887808962454e-01
-1.376849387669538682e-01
6.985310957974097956e-01
2.782417148261171480e-01
8.027919887850671898e-01
0.000000000000000000e+00
-1.429106893816158852e-01
2.837721109776514261e-02
-8.912312564539413007e-01
-7.762923274316573252e-01
-1.845927900367749785e-03
6.875367806956453887e-01
8.345179985664530342e-01
1.771601476216353444e-01
7.390146693289247892e-01
-6.225604208997257416e-01
-7.072789950551832128e-01
-5.341193046657519705e-01
-1.581194178199287759e-01
8.743266877865714104e-01
-4.176946237781249405e-01
8.710952477169591202e-01
-5.126389072767565391e-01
-8.056843902990054040e-01
-8.184923478692018861e-02
3.940054039852063372e-01
-4.984488169647736111e-01
8.764101250388276476e-01
-3.122316587919622410e-01
4.436169498878486106e-01
0.000000000000000000e+00
7.758016020747835473e-01
-1.601244191261605998e-01
-9.646458560670647664e-01
-6.952904109839592728e-01
0.000000000000000000e+00
4.919208841999187509e-01
1.958889974862112471e-01
-9.558919722712184708e-01
-5.061059115830985888e-01
1.509395232371286699e-01
-1.974922483439018883e-01
-7.754878133366454040e-01
4.561748546739730070e-01
-7.739676856105208724e-01
-5.430623016726419117e-01
5.426553797563498094e-01
-6.504591911067831855e-01
4.400876793917687380e-01
4.114913495770511354e-02
-7.777155723267548115e-01
-1.097106294202707666e-01
4.302046212873960052e-01
-8.067865009380410513e-01
-3.135346133014136338e-01
-5.285442001736990747e-01
5.766801692269427626e-01
9.644783745541698483e-01
-1.707111587854206469e-01
-3.091705373768354193e-01
-6.949881868595633172e-01
7.079479348032757802e-01
3.849657189921236178e-01
-2.883994618279257516e-01
6.013310083540253093e-01
8.253557440035907966e-01
9.502074725454274784e-01
-3.171357156698604296e-01
-5.179979583859073422e-02
8.900720320730657331e-01
1.057650484693413162e-01
9.952236130272114067e-01
0.000000000000000000e+00
2.199986646453830907e-01
0.000000000000000000e+00
-5.986257329375683778e-01
1.551053736285281648e-01
-7.498508242802379709e-01
-3.370647174249441491e-02
7.643860911811097836e-01
-6.148821819778240716e-01
8.828583998206860350e-01
-3.054005231227649997e-01
5.730605362537224412e-01
6.327435095100377715e-01
-5.025471763375886081e-01
-2.012404789101389646e-01
3.992543318011723130e-01
-7.044577817864474678e-01
6.702894516232871247e-02
-2.598006330761444271e-01
-3.424375776062640320e-01
1.380281769249358526e-02
-8.407537889827858546e-01
1.663199038455598355e-01
-3.045331422012345080e-01
-7.582360267345351623e-01
7.464046259618304369e-01
-7.027069083020642815e-02
-9.555496767346067788e-01
-7.473671825882808317e-01
3.012471556313793819e-01
0.000000000000000000e+00
4.509074278878077990e-02
1.169045838719897645e-01
-1.052534727376386314e-01
0.000000000000000000e+00
9.568041723897646733e-01
-1.917969972318891436e-01
-8.511193325092705209e-01
2.138626429918111249e-01
-3.502755488083308943e-01
8.237383393999391235e-01
-8.190191628883938257e-01
1.298179663847589538e-01
5.226015486118242848e-01
-6.322553453615462615e-01
-1.805685395098044488e-02
0.000000000000000000e+00
-1.832562046699335312e-01
-6.156880671564768370e-01
0.000000000000000000e+00
-1.015124736832599961e-01
-1.049334038505547184e-01
-2.418092267956215569e-01
8.766337807647408553e-01
8.636575092458687042e-01
-7.249572059690176928e-01
-3.227301687003203412e-01
-3.586431879714435667e-01
5.513586382668629327e-01
-5.950608628572291448e-01
4.914174328549421045e-01
-8.651715354052389451e-01
8.752841408296552217e-01
-1.849895698822883183e-01
9.532593215523303964e-01
-5.000076494461505039e-01
2.495346799999345055e-01
-2.697600139793159268e-01
-5.722712546030568337e-01
-1.949690994909847319e-02
-5.389634317142615316e-01
8.919134242393873535e-01
5.426801112373953462e-01
-3.221384406609755224e-01
0.000000000000000000e+00
-3.744839794229664065e-01
0.000000000000000000e+00
-5.934763141400509756e-01
5.235658382880759021e-03
9.543369145497866413e-01
-2.583624656751211113e-01
6.175622644763882896e-01
-2.607429950709816424e-02
-7.637659812786343760e-01
6.095524743465465800e-01
8.109465470664007913e-01
4.808138896507101467e-01
3.123563243753981755e-01
0.000000000000000000e+00
-2.507535455677787350e-01
-2.192144752697009480e-01
8.556773325218267612e-01
-2.557433462366520693e-01
8.446729057304041000e-01
1.850660660976948257e-01
-4.010947808535105796e-01
2.419064840739306721e-01
-6.345035606708397946e-01
-8.813177097763695844e-01
-1.953446868615622556e-01
-3.851564036699370863e-01
2.359084575969092601e-01
1.373844843913505365e-01
5.151160787932940188e-01
2.867905328604456461e-01
3.074382429055950716e-01
9.408139940207942420e-01
4.543713358953525017e-01
-5.685158297833561303e-01
2.411997894363409056e-01
4.026101762210383406e-01
4.141093317674586771e-01
1.182851933409425627e-01
-9.608855099590463134e-01
-9.732052328082199111e-01
3.041923934143335728e-01
6.847623828555529091e-01
0.000000000000000000e+00
8.316828420910886699e-01
-6.000685292499541301e-01
-4.744609712341834040e-01
5.250151743478403965e-02
-2.009012238122152016e-01
-5.431518905294383526e-01
2.527156415949030066e-01
-8.111186725773267270e-03
1.775197565917059350e-01
-6.700466997226983690e-01
6.481893417566086946e-02
0.000000000000000000e+00
-5.103289517136868625e-01
2.114018256681069463e-01
-9.083891664327747861e-02
8.267790899243581126e-01
-2.584364786672470604e-01
8.431449325889577295e-01
6.407579442199442532e-01
9.286188529982155604e-01
-1.584489979842418350e-01
-9.661410845002664782e-01
-8.195745633340623115e-02
-4.505058565630823963e-01
-2.112841036474888412e-02
5.427814592303836783e-02
-9.341450547452558872e-01
-6.066308480891535737e-02
1.694814568022113832e-01
7.473557497929199656e-01
-6.842933034031783990e-02
0.000000000000000000e+00
8.420774461431104196e-01
0.000000000000000000e+00
5.530756993534806654e-01
