1.927128318216686509e-01
-9.434021785231325730e-01
-5.907114716224848294e-01
-4.781730688500387405e-01
5.645908839392512757e-01
6.741387865170471727e-01
5.203912546191051813e-01
-7.858207686351335042e-01
-7.390301144472755102e-01
5.705197811829498811e-01
8.901956467802827344e-01
3.006225932309232185e-01
8.888271348293550478e-01
8.682325155462853328e-01
4.239661245842718529e-01
2.056566549692362411e-01
4.688561603935579303e-01
4.924052956010431803e-01
4.017467657822781923e-02
4.061851587765792360e-01
8.192744207986348837e-01
3.324025180126581880e-01
-9.857541950347779025e-01
1.452373754149811624e-01
-2.459369849815504772e-01
1.730953257778957699e-01
3.734118171487499360e-01
-7.233899322743593263e-01
4.392277544767231312e-02
8.051187098277619025e-01
-8.930365235850936667e-01
3.462924364611663641e-01
-6.282757996474950257e-01
3.952242509925922853e-01
2.977329533949832907e-01
-3.432230740004753589e-01
8.818846670958668810e-03
-4.136819798919231239e-01
1.119706140941807426e-01
-6.482156933653007158e-01
2.176503486135590304e-01
-2.045988230784312467e-01
9.788019566884373912e-01
-9.855338536748194933e-01
7.867475177231073591e-01
-8.677765220806994417e-01
-7.444471834165011792e-02
6.417493602669870345e-01
-1.937220414512339506e-01
-8.714938983691313812e-01
-7.339135078886895869e-01
8.144085397942228965e-01
-6.151647434971674322e-02
4.934453998446142187e-02
4.182060270887231201e-01
-7.651788253315334742e-01
-1.958608364267997448e-01
-9.660927639051790639e-01
-8.127884847943629421e-01
3.820772352804973071e-01
2.258991352250694362e-02
-4.702487877511958292e-01
6.298350991768584262e-01
8.209858031997407934e-02
4.884308312574667799e-01
3.598922102268893308e-01
3.753152515369184705e-02
-2.785710649505515057e-01
8.499124477686543777e-01
-1.921706954802226974e-01
-3.629452261672625468e-01
-9.144588448778945278e-01
7.968569098144933083e-01
6.660242361029087288e-01
-2.422670021185981959e-01
4.938968249363773211e-02
-3.622657564232221183e-01
4.327537955810567549e-01
9.872687217087325884e-01
-8.051531620278635781e-01
3.095675217068640794e-01
9.924415903056800214e-01
4.050632557331521610e-01
-7.289090420141910442e-01
-3.605231678392291084e-01
1.839371416772666024e-01
9.364186377765510993e-01
8.776704897970766250e-01
4.056599662210140789e-01
2.982525917143978855e-01
-1.035109833889347186e-01
9.606864745727889954e-01
-6.190494409166005241e-01
-7.384375894750325742e-01
-6.166238611506846823e-01
3.321863165607137347e-01
-1.898141431255200295e-01
7.982940614127826962e-01
2.724925039842363006e-01
1.333105426430323259e-01
-5.015429680403209467e-01
-8.811677993638080686e-01
-5.420368148599252756e-01
3.159695422061949976e-01
-7.463634701179056030e-01
-3.955418295689701047e-01
-2.458500241023189314e-01
4.844352625322765338e-01
2.821071720054382226e-01
1.348307946018236780e-01
-9.843454978136456646e-01
-7.491632335495708173e-01
9.879534767529651873e-01
2.684483837208435641e-01
-4.914729104535120463e-01
-4.681575493650049768e-01
3.197359993759312236e-01
1.128778562965870869e-02
-9.711893719425432892e-01
8.347901624471487647e-01
-3.501079189221354415e-01
2.460242382713266895e-01
9.064605857133474220e-01
7.416853053027367970e-01
7.320869551660098562e-01
-6.644068226322914494e-01
6.259169448737151864e-01
1.389621582188118598e-01
7.199840389665876916e-01
2.314197389161418705e-01
-5.022794864099793255e-01
8.774732129621962695e-01
-4.420045649760377948e-01
8.509443153036300167e-01
7.756715212493658917e-02
-3.459848850024296318e-01
2.593468110445495967e-01
-3.144720911767804328e-01
5.768309812168852524e-01
-8.530925454203441838e-01
-7.058064628146705211e-01
-3.337625057496154124e-01
8.298949510146846897e-01
-6.892807994014273909e-01
3.225583693981730615e-01
2.810590765882212683e-01
5.644523978668964936e-01
-8.635215440556169852e-01
-8.207119971608645148e-01
-1.485586744797531278e-01
1.093627989289718272e-01
7.196612015098962090e-01
2.200299467651702923e-01
8.789560611572784232e-01
-1.194340682251024965e-01
-8.705134658593831620e-01
1.400098374734168871e-01
8.924352697985804550e-01
-4.513119552775155530e-01
1.827730890142513775e-01
-7.172816245017883396e-01
3.784930299246913599e-02
-1.352051748827425293e-01
-3.387390537426602233e-01
4.578428920437340732e-01
-5.812446943962878976e-03
4.819854094308668735e-01
-8.983136057784137929e-01
-5.443455007762778575e-01
-6.668062231793303596e-01
1.308104028430108201e-01
6.295842674464369182e-03
5.002557779314666941e-01
-2.574602312838325524e-02
-4.331626023021444283e-01
2.712013839969420470e-01
5.353037648576501883e-01
-1.753767257502807375e-01
3.805721440396936384e-01
-5.265423906928050624e-01
-4.552078198687270483e-01
8.182619321477937469e-01
8.347494075899910548e-01
3.495695753720040599e-02
-8.258885931193289398e-01
4.562866329384041020e-01
-4.257493788749175945e-01
-5.123761279439602578e-01
-7.212642494518823888e-01
-4.432488811012844643e-01
2.995706584354049795e-01
8.341807885098324604e-01
9.617998638323130844e-01
3.564468745404858474e-01
-2.424854823252502456e-01
5.897200474115777968e-01
9.803521686219118791e-02
-6.019446094448297480e-01
-4.363414066561752680e-01
4.852143670968811495e-01
7.514318302732714283e-01
-1.729435233112417425e-01
4.189763607702128301e-01
1.885067302845711001e-01
-4.609745248210408430e-01
-2.127984334110388787e-02
2.801968948639643742e-02
-7.824049082816901812e-01
1.186802376198043962e-01
5.317938485358717493e-01
-2.897458792319551613e-01
4.389017277201840983e-01
5.662305971281482719e-01
8.652602945615881502e-01
-9.393360287630039274e-01
6.131227843760964635e-01
-2.912427593571453865e-01
9.551461410140458241e-01
-3.029676230174971341e-01
9.425756993048624022e-01
-3.634467041196278725e-01
-4.419461797951282911e-01
-8.252994745776334184e-01
9.847378899154397569e-01
5.349222781211462330e-01
-7.847793207154616368e-01
-6.086714773204082718e-02
4.984305443413883374e-02
2.303843584092823971e-01
-5.235749867136272329e-01
8.481655255236200119e-01
-6.320174618618858986e-01
-3.257714412583274655e-01
9.854962095866011129e-01
-1.905639438121162765e-01
1.975903724000664941e-01
-1.137930281063752602e-01
-8.766095461130225530e-01
-9.081637353692559866e-01
2.121007395312684007e-01
1.070775018858594052e-01
9.662747949240264589e-01
-4.249596436319920123e-01
-2.770575289818968390e-01
5.566786803211616341e-01
2.707057564044179632e-01
5.414313017044889431e-01
4.543632129223218463e-01
-4.384716565177055880e-01
7.473240113613719426e-01
3.884556488134565111e-01
-4.340966343855416909e-01
-4.000224918225721016e-01
-3.140969143949643438e-01
-2.398275878110283088e-01
2.567529639654630991e-02
4.683217109548643009e-02
7.184865894903642580e-01
5.237000207787725348e-01
5.137619491169409525e-01
-8.719159575683899099e-02
2.466148343002709797e-01
8.926477987695016214e-01
-9.888613074803749292e-01
5.276879391836675204e-01
