-1.029991940344112678e-01
-7.554880918558655178e-01
0.000000000000000000e+00
-8.881253976645344661e-01
2.495742904722180189e-01
-8.410611557063905064e-01
-9.777672046635894620e-01
4.409286020468599077e-01
5.067865256711743260e-01
6.300202851338490007e-01
-3.242711385488146192e-01
-4.563996934366618685e-01
9.936190060049301387e-01
7.939658869603882785e-02
1.534887748394311302e-01
-7.852925128237275842e-01
4.389191495515369912e-01
-2.552758841523508071e-01
0.000000000000000000e+00
3.409365180560564035e-02
4.432800235844593928e-01
-9.999742180197923602e-01
-3.212200199983048510e-01
5.817265283555388411e-01
-8.862127392324161690e-01
4.659530120486810034e-02
-1.226912529939538921e-01
-6.160359643157606868e-01
5.160640816546733234e-01
-9.440355067035268721e-01
4.903722427309984422e-01
-9.888491842323681169e-01
1.000000000000000000e+00
-4.246316967087526706e-02
-2.254827434412602916e-01
6.453178753010846425e-01
4.275185898621478575e-01
6.521847680632861799e-01
-7.812153947768269990e-01
-6.196795423504324329e-01
4.201681975338455999e-01
-5.378319386033070248e-01
-1.250865205568700844e-01
2.296160608228259292e-01
0.000000000000000000e+00
3.381495575951540822e-01
0.000000000000000000e+00
-5.480946992707227405e-01
-4.592449675719325608e-01
-8.499172271974670956e-01
-9.069777451840757010e-01
-7.650207881723030123e-01
9.232199628404105241e-01
1.200434088726851645e-01
-1.338258639667975203e-01
7.302164227232998961e-01
9.819356171567459324e-01
7.586404567227560403e-01
7.868512949438921655e-01
-3.622171208575435397e-01
2.164730312381732968e-01
-4.840890692474197898e-02
5.762333846334517506e-01
8.783615610625858938e-01
-7.356451770061203099e-01
3.762356624442813047e-01
3.707256415500341795e-01
6.564710609837358657e-01
0.000000000000000000e+00
-6.280493977103609460e-01
7.726614784600176478e-01
6.549567180704454206e-01
1.786210713011771034e-02
0.000000000000000000e+00
-1.371236066150300914e-01
-7.885931771176866167e-01
-3.571622252566466482e-01
0.000000000000000000e+00
-1.660364781018754954e-01
6.173414492615516558e-01
-7.053377735792965009e-01
-7.145211878680195472e-01
0.000000000000000000e+00
-4.828314072017243497e-01
7.269749756756911374e-01
3.041862666119459213e-01
-8.729015455470914286e-01
0.000000000000000000e+00
7.435830673450432027e-01
2.091059839651701058e-01
-3.276808876761376776e-01
-8.095816907871744572e-01
-6.013004277528319896e-01
-7.755874253233681070e-01
1.630811144066539597e-01
-9.355824722722219100e-01
-2.370383860894609285e-03
-2.125612200455371248e-01
-5.249645229271782121e-01
3.531906284732584389e-01
-4.789556601155098292e-01
3.520374276843278860e-01
9.336863677419826590e-01
4.562907416336103861e-01
9.933409499481040683e-01
1.915081176250059691e-01
-8.201685609185538350e-01
-4.029975575634203722e-02
-8.088690285906146027e-01
-7.586269672541481324e-01
3.719692082851020487e-01
-4.449057156119329282e-01
7.435583632791191722e-01
0.000000000000000000e+00
-3.691619961591632304e-01
-8.110214105096316128e-01
5.638314879946835223e-01
9.729049116423018617e-01
-5.212819849472971612e-03
3.323410721072734830e-01
0.000000000000000000e+00
-4.633213707847085860e-01
4.217032261312847474e-02
6.564024189797157405e-01
-9.640410525379718987e-01
9.325459031640837004e-02
8.144189658477358762e-01
-9.033944900597190575e-02
-7.300358686226293692e-02
-8.932023612263204626e-01
-9.345572510929023302e-01
-4.423123045847121571e-01
7.229475955531059483e-01
7.179742636709418591e-01
-4.086592749207773601e-01
-1.710158354028608052e-01
-6.280553319423949343e-01
-6.176016048068142528e-01
1.576851467734241563e-01
-6.201556714879934429e-01
6.966763070334081043e-01
2.880690691747214149e-01
-9.371274534002613787e-01
-8.087419877790351652e-01
-1.275629981776957855e-01
3.039125606839327975e-01
3.995296395148779656e-01
7.661040246264252396e-01
1.623055247693263592e-01
-3.792436157701017940e-02
2.339180029209579903e-01
1.000000000000000000e+00
7.238601120810281842e-01
-4.202633534680555449e-02
-9.132448570073501415e-01
-3.063726253494085672e-01
6.119635277238799631e-02
7.868043577385026577e-01
-2.013588462184172645e-01
-6.642688010091661877e-01
-9.013835887091439236e-01
-1.116132772579909727e-01
9.938472953657930820e-01
0.000000000000000000e+00
8.650548544189931022e-01
9.571636060655035472e-01
0.000000000000000000e+00
-6.487771219115974208e-01
6.415708636128734099e-01
7.409661914572449604e-01
3.437185553421160389e-01
7.337504762707778294e-01
-4.149754439940966932e-01
3.377543986358646499e-01
-2.091295528043051188e-01
-1.708267067293591790e-01
-8.222349949841811778e-01
-6.526301770376707889e-01
6.237745870623712108e-02
-7.067452922807573312e-01
-1.245890677757410803e-01
-8.622252624873578686e-01
-8.647962478353576898e-01
3.269710606272568931e-01
4.610140685527295279e-01
-5.805442123910746766e-01
3.390796594696541266e-01
-4.836671351680836839e-01
-6.096623662534970123e-01
-5.543959600810508537e-01
7.908896615611662462e-01
1.162580940871256185e-01
0.000000000000000000e+00
5.582762142146346918e-02
1.504943713549202755e-01
8.687536414100094362e-01
3.614131399533737632e-01
3.001803338980790770e-01
-8.845176730261850029e-01
4.098637084196712355e-01
0.000000000000000000e+00
2.022921750661410556e-02
8.149658111977577946e-01
6.366918026785546303e-01
0.000000000000000000e+00
9.072302096409115002e-01
-9.929293930149092340e-01
8.405806508419377820e-03
7.900405771180634140e-01
-3.971801615978072242e-01
-1.597041023815102267e-01
0.000000000000000000e+00
9.563031509985022716e-01
0.000000000000000000e+00
7.946999297343866342e-01
4.937126010391574837e-01
4.088126832831922020e-01
0.000000000000000000e+00
8.122083816587291061e-01
-3.553708061745002311e-01
-5.957047401833932554e-01
0.000000000000000000e+00
-7.184718674126577831e-01
-1.058122694517380502e-01
1.006742213393614360e-01
2.362854128220983618e-01
9.310101351851016727e-01
-4.954238089807010414e-01
8.172339257675045321e-01
0.000000000000000000e+00
-5.211374526617789105e-01
3.555120632271653314e-01
-8.369756959617791203e-02
4.978538889945176571e-01
-4.079316622847883878e-03
-8.631665455582615554e-01
9.069716689407236743e-02
-4.488977926617248038e-01
3.875851183632406105e-01
-2.876549122074356646e-02
-3.399434471019446846e-01
-7.720062424407918567e-01
6.314335823297745343e-02
-5.845015152674548631e-04
0.000000000000000000e+00
-5.008016214156467694e-01
9.011312260169204169e-01
0.000000000000000000e+00
2.224719498132907702e-01
1.804906022784729114e-01
7.613196386951484040e-01
9.619068331982936204e-01
-3.236254258210631285e-01
-4.429048841409566339e-01
-2.463442763896814824e-01
-6.981521821228591218e-01
6.166272203163953858e-01
0.000000000000000000e+00
-4.797972578958182854e-01
7.450682840941456053e-01
6.804884445935266424e-01
1.179519428804083336e-01
-5.267727193181255263e-01
-9.570568815769064930e-01
-2.609637177419135146e-01
